   6.559009         6.666667    
   6.845827         6.666667    
   7.132646         6.666667    
   7.419464        0.0000000E+00
   7.706282         6.666667    
   7.993100         6.666667    
   8.279918         6.666667    
   8.566735        0.0000000E+00
   8.853554         6.666667    
   9.140371         6.666667    
   9.427190        0.0000000E+00
   9.714007         6.666667    
   10.00083         6.666667    
   10.28764        0.0000000E+00
   10.57446         6.666667    
   10.86128         6.666667    
   11.14810        0.0000000E+00
   11.43492         6.666667    
   11.72173         6.666667    
   12.00855         6.666667    
