   6.580636         11.70370    
   6.884535        0.1481481    
   7.188434         4.148148    
   7.492333         3.111111    
   7.796232        0.0000000E+00
   8.100131         25.48148    
   8.404030         2.666667    
   8.707930         2.814815    
   9.011828         10.81481    
   9.315727        0.2962963    
   9.619626        0.1481481    
   9.923525         2.222222    
   10.22742        0.0000000E+00
   10.53132        0.1481481    
   10.83522         13.03704    
   11.13912        0.4444444    
   11.44302         9.481482    
   11.74692         2.814815    
   12.05082        0.2962963    
   12.35472         10.22222    
