   6.566892         6.666667    
   6.853316         6.666667    
   7.139741         6.666667    
   7.426166        0.0000000E+00
   7.712590         6.666667    
   7.999015         6.666667    
   8.285439         6.666667    
   8.571864        0.0000000E+00
   8.858289         6.666667    
   9.144713         6.666667    
   9.431138        0.0000000E+00
   9.717563         6.666667    
   10.00399         6.666667    
   10.29041        0.0000000E+00
   10.57684         6.666667    
   10.86326         6.666667    
   11.14969        0.0000000E+00
   11.43611         6.666667    
   11.72254         6.666667    
   12.00896         6.666667    
