2.56E-04
6.57E-04
3.92E-05
1.32E-03
1.69E-05
3.04E-03
8.49E-06
1.63E-02
1.37E-05
2.91E-03
6.12E-05
1.31E-03
1.16E-04
8.61E-04
1.63E-04
6.85E-04
2.15E-04
5.59E-04
2.66E-04
4.29E-04
3.01E-04
3.06E-04
3.31E-04
2.15E-04
3.40E-04
1.36E-04
3.29E-04
8.74E-05
3.03E-04
6.37E-05
2.69E-04
6.03E-05
2.28E-04
7.62E-05
1.90E-04
1.09E-04
1.59E-04
1.44E-04
1.36E-04
1.70E-04
1.23E-04
1.77E-04
1.18E-04
1.61E-04
1.14E-04
1.28E-04
1.10E-04
9.98E-05
1.05E-04
8.46E-05
1.02E-04
8.45E-05
1.03E-04
9.70E-05
1.12E-04
1.15E-04
1.28E-04
1.32E-04
1.45E-04
1.45E-04
1.53E-04
1.51E-04
1.48E-04
1.57E-04
1.40E-04
1.66E-04
1.45E-04
1.73E-04
1.64E-04
1.71E-04
1.88E-04
1.68E-04
2.05E-04
1.64E-04
2.10E-04
1.63E-04
2.03E-04
1.66E-04
1.82E-04
1.65E-04
1.50E-04
1.57E-04
1.15E-04
1.42E-04
8.92E-05
1.22E-04
8.11E-05
9.82E-05
9.35E-05
7.91E-05
1.21E-04
7.29E-05
1.49E-04
7.56E-05
1.72E-04
9.00E-05
1.82E-04
1.08E-04
1.83E-04
1.23E-04
1.76E-04
1.37E-04
1.64E-04
1.47E-04
1.46E-04
1.50E-04
1.23E-04
1.54E-04
1.02E-04
1.52E-04
8.68E-05
1.44E-04
7.72E-05
1.35E-04
7.28E-05
1.27E-04
7.19E-05
1.16E-04
7.38E-05
1.10E-04
7.84E-05
1.06E-04
8.45E-05
1.05E-04
9.15E-05
1.07E-04
9.79E-05
1.13E-04
1.02E-04
1.18E-04
1.07E-04
1.27E-04
1.11E-04
1.31E-04
1.15E-04
1.35E-04
1.17E-04
1.42E-04
1.18E-04
1.46E-04
1.19E-04
1.47E-04
1.20E-04
1.50E-04
1.20E-04
1.49E-04
1.17E-04
1.47E-04
1.13E-04
1.46E-04
1.08E-04
1.42E-04
1.01E-04
1.36E-04
9.53E-05
1.29E-04
8.84E-05
1.20E-04
7.98E-05
1.13E-04
7.09E-05
1.09E-04
6.49E-05
1.03E-04
6.04E-05
9.28E-05
5.47E-05
8.52E-05
4.92E-05
7.79E-05
4.76E-05
6.83E-05
4.50E-05
5.70E-05
3.44E-05
4.77E-05
2.03E-05
3.83E-05
1.49E-05
2.27E-05
