7.91E-05
7.74E-05
8.49E-05
9.46E-05
1.13E-04
8.85E-05
1.38E-04
8.67E-05
1.48E-04
1.02E-04
1.49E-04
1.36E-04
1.48E-04
1.72E-04
1.52E-04
1.94E-04
1.61E-04
1.93E-04
1.77E-04
1.70E-04
2.04E-04
1.35E-04
2.42E-04
9.92E-05
2.84E-04
7.32E-05
3.25E-04
6.58E-05
3.54E-04
8.50E-05
3.66E-04
1.35E-04
3.57E-04
2.18E-04
3.27E-04
3.27E-04
2.81E-04
4.57E-04
2.25E-04
6.02E-04
1.65E-04
7.72E-04
1.07E-04
1.00E-03
5.34E-05
1.46E-03
1.44E-05
3.10E-03
1.85E-05
1.84E-02
2.78E-05
3.35E-03
7.61E-05
1.46E-03
1.39E-04
1.03E-03
2.03E-04
7.97E-04
2.66E-04
6.18E-04
3.22E-04
4.43E-04
3.65E-04
2.81E-04
3.85E-04
1.62E-04
3.79E-04
1.13E-04
3.48E-04
1.33E-04
3.00E-04
1.86E-04
2.49E-04
2.19E-04
2.14E-04
2.03E-04
2.07E-04
1.51E-04
2.18E-04
9.89E-05
2.24E-04
7.61E-05
2.08E-04
8.80E-05
1.73E-04
1.20E-04
1.33E-04
1.50E-04
1.01E-04
1.65E-04
8.29E-05
1.61E-04
8.04E-05
1.41E-04
8.96E-05
1.16E-04
1.05E-04
9.78E-05
1.21E-04
9.20E-05
1.37E-04
9.92E-05
1.52E-04
1.15E-04
1.62E-04
1.33E-04
1.65E-04
1.55E-04
1.63E-04
1.74E-04
1.56E-04
1.84E-04
1.46E-04
1.84E-04
1.33E-04
1.78E-04
1.19E-04
1.67E-04
1.05E-04
1.52E-04
9.17E-05
1.36E-04
8.08E-05
1.20E-04
7.44E-05
1.06E-04
7.38E-05
9.60E-05
7.77E-05
9.10E-05
8.36E-05
9.17E-05
8.98E-05
9.70E-05
9.56E-05
1.04E-04
1.01E-04
1.09E-04
1.04E-04
1.12E-04
1.04E-04
1.16E-04
1.02E-04
1.22E-04
1.05E-04
1.23E-04
1.10E-04
1.25E-04
1.13E-04
1.29E-04
1.15E-04
1.33E-04
1.18E-04
1.36E-04
1.20E-04
1.41E-04
1.26E-04
1.48E-04
1.36E-04
1.59E-04
1.48E-04
1.73E-04
1.64E-04
1.91E-04
1.87E-04
2.11E-04
2.20E-04
2.32E-04
2.61E-04
2.44E-04
2.92E-04
2.37E-04
2.82E-04
2.19E-04
2.20E-04
1.99E-04
1.44E-04
1.61E-04
1.11E-04
8.39E-05
