7.68E-05
5.47E-05
8.40E-05
1.05E-04
1.11E-04
1.33E-04
1.25E-04
1.47E-04
1.19E-04
1.52E-04
1.10E-04
1.45E-04
1.08E-04
1.36E-04
1.06E-04
1.27E-04
1.00E-04
1.19E-04
9.48E-05
1.12E-04
9.51E-05
1.05E-04
9.85E-05
9.81E-05
9.80E-05
1.00E-04
9.35E-05
1.06E-04
9.22E-05
1.12E-04
9.49E-05
1.18E-04
9.75E-05
1.23E-04
9.83E-05
1.27E-04
9.92E-05
1.29E-04
1.00E-04
1.27E-04
1.02E-04
1.23E-04
1.04E-04
1.21E-04
1.06E-04
1.19E-04
1.07E-04
1.14E-04
1.08E-04
1.11E-04
1.08E-04
1.08E-04
1.06E-04
1.07E-04
1.05E-04
1.08E-04
1.04E-04
1.09E-04
1.03E-04
1.07E-04
1.04E-04
1.06E-04
1.06E-04
1.07E-04
1.14E-04
1.13E-04
1.30E-04
1.24E-04
1.58E-04
1.35E-04
2.03E-04
1.42E-04
2.67E-04
1.38E-04
3.46E-04
1.19E-04
4.33E-04
9.13E-05
5.10E-04
7.26E-05
5.58E-04
9.13E-05
5.63E-04
1.67E-04
5.33E-04
3.20E-04
4.70E-04
5.21E-04
4.04E-04
7.21E-04
3.43E-04
8.48E-04
3.04E-04
9.39E-04
2.66E-04
1.02E-03
2.08E-04
1.35E-03
1.01E-04
2.20E-03
1.67E-05
5.10E-03
7.02E-06
2.05E-02
2.99E-05
4.65E-03
1.31E-04
2.07E-03
2.17E-04
1.23E-03
2.80E-04
9.13E-04
3.25E-04
7.86E-04
3.50E-04
7.01E-04
3.66E-04
6.17E-04
3.95E-04
5.16E-04
4.30E-04
3.68E-04
4.60E-04
2.37E-04
4.74E-04
1.40E-04
4.65E-04
8.47E-05
4.28E-04
6.63E-05
3.78E-04
7.58E-05
3.25E-04
9.71E-05
2.76E-04
1.23E-04
2.40E-04
1.49E-04
2.16E-04
1.71E-04
1.97E-04
1.87E-04
1.80E-04
1.97E-04
1.62E-04
1.99E-04
1.44E-04
1.93E-04
1.28E-04
1.82E-04
1.20E-04
1.67E-04
1.18E-04
1.49E-04
1.20E-04
1.32E-04
1.20E-04
1.18E-04
1.17E-04
1.06E-04
1.12E-04
9.86E-05
1.10E-04
9.43E-05
1.08E-04
9.14E-05
1.08E-04
8.89E-05
1.08E-04
8.59E-05
1.08E-04
8.16E-05
9.94E-05
8.08E-05
8.32E-05
8.08E-05
6.90E-05
7.08E-05
7.02E-05
4.11E-05
