4.76E-05
6.56E-05
7.15E-05
1.11E-04
1.24E-04
1.33E-04
1.72E-04
1.47E-04
1.94E-04
1.69E-04
1.90E-04
1.95E-04
1.80E-04
2.11E-04
1.76E-04
2.12E-04
1.78E-04
2.07E-04
1.82E-04
2.01E-04
1.85E-04
1.96E-04
1.86E-04
1.91E-04
1.84E-04
1.84E-04
1.79E-04
1.76E-04
1.71E-04
1.68E-04
1.62E-04
1.63E-04
1.52E-04
1.59E-04
1.45E-04
1.51E-04
1.41E-04
1.41E-04
1.36E-04
1.35E-04
1.28E-04
1.35E-04
1.21E-04
1.32E-04
1.18E-04
1.28E-04
1.16E-04
1.25E-04
1.16E-04
1.23E-04
1.16E-04
1.21E-04
1.14E-04
1.18E-04
1.13E-04
1.14E-04
1.11E-04
1.07E-04
1.05E-04
1.01E-04
9.45E-05
9.66E-05
8.37E-05
9.52E-05
7.45E-05
9.76E-05
6.82E-05
1.04E-04
6.65E-05
1.16E-04
7.16E-05
1.29E-04
8.38E-05
1.45E-04
1.01E-04
1.60E-04
1.20E-04
1.74E-04
1.40E-04
1.81E-04
1.61E-04
1.81E-04
1.77E-04
1.74E-04
1.89E-04
1.60E-04
1.93E-04
1.42E-04
1.91E-04
1.22E-04
1.81E-04
1.06E-04
1.68E-04
9.55E-05
1.54E-04
9.36E-05
1.38E-04
1.06E-04
1.23E-04
1.35E-04
1.12E-04
1.71E-04
1.15E-04
2.03E-04
1.35E-04
2.18E-04
1.75E-04
2.08E-04
2.25E-04
1.67E-04
2.68E-04
1.10E-04
2.84E-04
6.83E-05
2.73E-04
7.12E-05
2.53E-04
1.29E-04
2.51E-04
2.23E-04
2.78E-04
3.07E-04
3.21E-04
3.35E-04
3.62E-04
2.96E-04
3.87E-04
2.31E-04
3.94E-04
2.00E-04
3.85E-04
2.42E-04
3.55E-04
3.66E-04
2.99E-04
5.66E-04
2.16E-04
8.36E-04
1.21E-04
1.16E-03
4.46E-05
1.60E-03
4.54E-06
2.97E-03
1.45E-06
1.79E-02
8.03E-06
3.22E-03
4.63E-05
1.59E-03
1.21E-04
1.16E-03
2.11E-04
8.24E-04
2.91E-04
5.58E-04
3.42E-04
3.70E-04
3.63E-04
2.58E-04
3.64E-04
2.11E-04
3.55E-04
2.14E-04
3.40E-04
2.41E-04
3.21E-04
2.62E-04
2.93E-04
2.54E-04
2.63E-04
2.08E-04
2.39E-04
1.38E-04
2.19E-04
8.25E-05
1.92E-04
6.51E-05
1.79E-04
5.62E-05
