6.61E-05
4.19E-05
8.18E-05
7.66E-05
1.12E-04
1.03E-04
1.33E-04
1.25E-04
1.37E-04
1.39E-04
1.30E-04
1.41E-04
1.19E-04
1.38E-04
1.10E-04
1.33E-04
1.07E-04
1.32E-04
1.09E-04
1.34E-04
1.11E-04
1.36E-04
1.13E-04
1.31E-04
1.17E-04
1.23E-04
1.23E-04
1.12E-04
1.21E-04
1.08E-04
1.13E-04
1.10E-04
1.07E-04
1.08E-04
1.04E-04
1.06E-04
1.02E-04
1.13E-04
1.02E-04
1.22E-04
1.04E-04
1.33E-04
1.10E-04
1.45E-04
1.17E-04
1.56E-04
1.24E-04
1.66E-04
1.30E-04
1.78E-04
1.36E-04
1.86E-04
1.40E-04
1.92E-04
1.44E-04
1.97E-04
1.47E-04
2.03E-04
1.52E-04
2.06E-04
1.58E-04
2.10E-04
1.63E-04
2.09E-04
1.66E-04
2.05E-04
1.65E-04
1.99E-04
1.63E-04
1.90E-04
1.58E-04
1.75E-04
1.53E-04
1.60E-04
1.45E-04
1.47E-04
1.37E-04
1.38E-04
1.36E-04
1.36E-04
1.47E-04
1.38E-04
1.79E-04
1.41E-04
2.37E-04
1.36E-04
3.23E-04
1.16E-04
4.26E-04
8.68E-05
5.10E-04
6.87E-05
5.50E-04
9.54E-05
5.38E-04
1.92E-04
4.87E-04
3.61E-04
4.14E-04
5.46E-04
3.53E-04
6.72E-04
3.11E-04
7.18E-04
2.77E-04
7.63E-04
2.21E-04
8.80E-04
1.44E-04
1.20E-03
6.67E-05
1.93E-03
1.22E-05
4.12E-03
1.77E-05
1.67E-02
4.55E-05
3.63E-03
1.41E-04
1.84E-03
2.30E-04
1.12E-03
2.84E-04
7.49E-04
3.20E-04
5.33E-04
3.40E-04
4.07E-04
3.42E-04
3.50E-04
3.42E-04
3.43E-04
3.39E-04
3.36E-04
3.35E-04
3.29E-04
3.29E-04
3.02E-04
3.20E-04
2.47E-04
3.04E-04
1.75E-04
2.88E-04
1.11E-04
2.74E-04
7.15E-05
2.63E-04
6.68E-05
2.56E-04
9.43E-05
2.51E-04
1.40E-04
2.43E-04
1.89E-04
2.31E-04
2.31E-04
2.18E-04
2.57E-04
2.02E-04
2.69E-04
1.86E-04
2.65E-04
1.73E-04
2.47E-04
1.64E-04
2.22E-04
1.59E-04
1.97E-04
1.56E-04
1.75E-04
1.49E-04
1.53E-04
1.36E-04
1.32E-04
1.16E-04
1.13E-04
9.57E-05
9.44E-05
8.93E-05
7.27E-05
