1.05E-04
6.25E-05
1.01E-04
9.74E-05
1.12E-04
1.28E-04
1.24E-04
1.62E-04
1.35E-04
1.88E-04
1.53E-04
1.90E-04
1.81E-04
1.66E-04
2.15E-04
1.26E-04
2.54E-04
8.66E-05
2.95E-04
6.34E-05
3.31E-04
6.47E-05
3.54E-04
8.96E-05
3.62E-04
1.45E-04
3.47E-04
2.28E-04
3.16E-04
3.27E-04
2.73E-04
4.43E-04
2.22E-04
5.84E-04
1.65E-04
7.24E-04
1.13E-04
9.40E-04
5.49E-05
1.39E-03
1.14E-05
3.21E-03
8.17E-06
1.70E-02
1.50E-05
2.98E-03
6.72E-05
1.38E-03
1.29E-04
9.31E-04
1.89E-04
7.34E-04
2.50E-04
5.88E-04
3.09E-04
4.42E-04
3.50E-04
3.01E-04
3.77E-04
1.88E-04
3.78E-04
1.07E-04
3.55E-04
8.17E-05
3.14E-04
1.09E-04
2.63E-04
1.62E-04
2.08E-04
2.01E-04
1.69E-04
2.01E-04
1.58E-04
1.59E-04
1.74E-04
1.10E-04
1.96E-04
8.09E-05
2.01E-04
8.32E-05
1.81E-04
1.08E-04
1.51E-04
1.42E-04
1.25E-04
1.69E-04
1.03E-04
1.78E-04
8.79E-05
1.66E-04
8.11E-05
1.41E-04
8.25E-05
1.11E-04
9.11E-05
8.88E-05
1.05E-04
8.10E-05
1.23E-04
8.71E-05
1.42E-04
1.03E-04
1.59E-04
1.22E-04
1.70E-04
1.37E-04
1.71E-04
1.53E-04
1.62E-04
1.63E-04
1.45E-04
1.63E-04
1.23E-04
1.56E-04
1.01E-04
1.45E-04
8.32E-05
1.29E-04
7.16E-05
1.14E-04
6.87E-05
1.02E-04
7.29E-05
9.32E-05
8.18E-05
9.03E-05
9.19E-05
9.19E-05
9.95E-05
9.57E-05
1.03E-04
1.03E-04
1.03E-04
1.10E-04
1.00E-04
1.15E-04
9.68E-05
1.18E-04
9.33E-05
1.22E-04
9.21E-05
1.26E-04
9.73E-05
1.29E-04
1.06E-04
1.30E-04
1.13E-04
1.36E-04
1.20E-04
1.43E-04
1.27E-04
1.47E-04
1.35E-04
1.51E-04
1.45E-04
1.59E-04
1.56E-04
1.67E-04
1.67E-04
1.78E-04
1.76E-04
1.94E-04
1.86E-04
2.12E-04
1.99E-04
2.33E-04
2.21E-04
2.57E-04
2.53E-04
2.62E-04
2.77E-04
2.46E-04
2.60E-04
2.25E-04
1.94E-04
2.03E-04
1.20E-04
1.65E-04
8.80E-05
8.80E-05
