9.81E-05
1.05E-04
8.44E-05
1.57E-04
1.05E-04
1.65E-04
1.46E-04
1.47E-04
1.95E-04
1.19E-04
2.49E-04
8.71E-05
3.00E-04
6.52E-05
3.37E-04
6.63E-05
3.59E-04
9.33E-05
3.66E-04
1.48E-04
3.53E-04
2.33E-04
3.21E-04
3.30E-04
2.82E-04
4.50E-04
2.29E-04
5.80E-04
1.73E-04
7.21E-04
1.16E-04
9.25E-04
5.76E-05
1.39E-03
8.50E-06
3.00E-03
4.68E-06
1.70E-02
1.07E-05
3.22E-03
5.64E-05
1.39E-03
1.17E-04
9.40E-04
1.71E-04
7.27E-04
2.30E-04
5.87E-04
2.85E-04
4.42E-04
3.29E-04
3.16E-04
3.60E-04
2.08E-04
3.69E-04
1.24E-04
3.52E-04
7.66E-05
3.20E-04
7.36E-05
2.78E-04
1.05E-04
2.32E-04
1.55E-04
1.86E-04
1.93E-04
1.48E-04
1.94E-04
1.31E-04
1.59E-04
1.43E-04
1.16E-04
1.72E-04
8.86E-05
1.92E-04
8.70E-05
1.89E-04
1.07E-04
1.70E-04
1.35E-04
1.50E-04
1.60E-04
1.34E-04
1.77E-04
1.19E-04
1.79E-04
1.01E-04
1.64E-04
8.49E-05
1.36E-04
7.78E-05
1.05E-04
8.17E-05
8.26E-05
9.67E-05
7.50E-05
1.18E-04
8.10E-05
1.41E-04
9.59E-05
1.59E-04
1.15E-04
1.69E-04
1.30E-04
1.67E-04
1.38E-04
1.53E-04
1.44E-04
1.31E-04
1.43E-04
1.07E-04
1.35E-04
8.68E-05
1.24E-04
7.52E-05
1.13E-04
7.23E-05
1.03E-04
7.63E-05
9.76E-05
8.45E-05
9.65E-05
9.28E-05
9.92E-05
9.91E-05
1.05E-04
1.03E-04
1.11E-04
1.04E-04
1.16E-04
1.02E-04
1.22E-04
9.97E-05
1.24E-04
9.71E-05
1.23E-04
9.53E-05
1.23E-04
9.73E-05
1.26E-04
1.05E-04
1.28E-04
1.17E-04
1.32E-04
1.27E-04
1.40E-04
1.35E-04
1.49E-04
1.44E-04
1.59E-04
1.53E-04
1.69E-04
1.63E-04
1.79E-04
1.73E-04
1.93E-04
1.82E-04
2.03E-04
1.88E-04
2.12E-04
1.91E-04
2.23E-04
1.93E-04
2.36E-04
1.98E-04
2.52E-04
2.12E-04
2.68E-04
2.35E-04
2.61E-04
2.48E-04
2.36E-04
2.25E-04
2.10E-04
1.64E-04
1.86E-04
1.00E-04
1.49E-04
7.24E-05
8.06E-05
