3.77E-04
3.17E-04
1.72E-04
5.24E-04
1.28E-04
7.37E-04
1.24E-04
9.21E-04
6.56E-05
1.40E-03
1.07E-05
3.06E-03
6.27E-06
1.76E-02
1.04E-05
3.28E-03
5.59E-05
1.41E-03
1.14E-04
9.58E-04
1.69E-04
7.31E-04
2.28E-04
5.81E-04
2.81E-04
4.39E-04
3.23E-04
3.20E-04
3.51E-04
2.21E-04
3.59E-04
1.43E-04
3.47E-04
9.11E-05
3.20E-04
6.70E-05
2.82E-04
6.65E-05
2.39E-04
8.92E-05
1.97E-04
1.28E-04
1.60E-04
1.69E-04
1.34E-04
1.94E-04
1.20E-04
1.95E-04
1.17E-04
1.71E-04
1.17E-04
1.35E-04
1.19E-04
1.04E-04
1.20E-04
8.75E-05
1.25E-04
8.91E-05
1.40E-04
1.06E-04
1.64E-04
1.26E-04
1.83E-04
1.44E-04
1.87E-04
1.60E-04
1.83E-04
1.74E-04
1.83E-04
1.82E-04
1.96E-04
1.81E-04
2.12E-04
1.71E-04
2.17E-04
1.60E-04
2.06E-04
1.55E-04
1.84E-04
1.51E-04
1.54E-04
1.46E-04
1.24E-04
1.36E-04
1.01E-04
1.20E-04
9.05E-05
9.83E-05
9.66E-05
7.78E-05
1.16E-04
6.73E-05
1.41E-04
6.83E-05
1.64E-04
8.03E-05
1.79E-04
9.70E-05
1.86E-04
1.13E-04
1.85E-04
1.27E-04
1.76E-04
1.37E-04
1.59E-04
1.43E-04
1.36E-04
1.49E-04
1.14E-04
1.51E-04
9.79E-05
1.48E-04
8.90E-05
1.43E-04
8.62E-05
1.37E-04
8.77E-05
1.31E-04
9.26E-05
1.26E-04
1.00E-04
1.24E-04
1.10E-04
1.24E-04
1.20E-04
1.28E-04
1.29E-04
1.34E-04
1.36E-04
1.42E-04
1.42E-04
1.55E-04
1.52E-04
1.65E-04
1.63E-04
1.73E-04
1.72E-04
1.84E-04
1.78E-04
1.95E-04
1.82E-04
2.02E-04
1.85E-04
2.10E-04
1.86E-04
2.12E-04
1.85E-04
2.12E-04
1.80E-04
2.11E-04
1.72E-04
2.07E-04
1.61E-04
2.00E-04
1.50E-04
1.92E-04
1.40E-04
1.80E-04
1.28E-04
1.68E-04
1.16E-04
1.59E-04
1.05E-04
1.52E-04
9.71E-05
1.44E-04
9.11E-05
1.34E-04
8.60E-05
1.22E-04
8.39E-05
1.06E-04
7.79E-05
8.88E-05
5.82E-05
7.48E-05
3.32E-05
6.02E-05
2.27E-05
3.49E-05
