6.63E-05
4.15E-05
8.25E-05
7.50E-05
1.13E-04
1.01E-04
1.35E-04
1.22E-04
1.40E-04
1.36E-04
1.34E-04
1.40E-04
1.23E-04
1.36E-04
1.14E-04
1.33E-04
1.10E-04
1.32E-04
1.12E-04
1.34E-04
1.15E-04
1.35E-04
1.16E-04
1.32E-04
1.21E-04
1.22E-04
1.26E-04
1.12E-04
1.25E-04
1.08E-04
1.16E-04
1.09E-04
1.10E-04
1.08E-04
1.07E-04
1.07E-04
1.05E-04
1.12E-04
1.04E-04
1.21E-04
1.07E-04
1.32E-04
1.13E-04
1.45E-04
1.20E-04
1.57E-04
1.28E-04
1.68E-04
1.34E-04
1.78E-04
1.40E-04
1.87E-04
1.45E-04
1.94E-04
1.49E-04
2.00E-04
1.52E-04
2.05E-04
1.57E-04
2.10E-04
1.63E-04
2.13E-04
1.69E-04
2.13E-04
1.72E-04
2.10E-04
1.71E-04
2.04E-04
1.69E-04
1.94E-04
1.64E-04
1.79E-04
1.58E-04
1.64E-04
1.49E-04
1.50E-04
1.41E-04
1.41E-04
1.39E-04
1.39E-04
1.49E-04
1.41E-04
1.80E-04
1.44E-04
2.39E-04
1.39E-04
3.26E-04
1.20E-04
4.31E-04
8.99E-05
5.18E-04
7.00E-05
5.61E-04
9.37E-05
5.50E-04
1.91E-04
4.95E-04
3.60E-04
4.22E-04
5.49E-04
3.59E-04
6.89E-04
3.14E-04
7.45E-04
2.77E-04
7.84E-04
2.20E-04
9.23E-04
1.35E-04
1.26E-03
6.15E-05
2.01E-03
1.20E-05
4.31E-03
1.80E-05
1.80E-02
3.38E-05
3.78E-03
1.27E-04
1.92E-03
2.18E-04
1.19E-03
2.78E-04
7.88E-04
3.17E-04
5.53E-04
3.39E-04
4.26E-04
3.48E-04
3.69E-04
3.48E-04
3.53E-04
3.46E-04
3.50E-04
3.44E-04
3.39E-04
3.38E-04
3.06E-04
3.28E-04
2.49E-04
3.12E-04
1.76E-04
2.95E-04
1.11E-04
2.80E-04
7.12E-05
2.70E-04
6.79E-05
2.63E-04
9.65E-05
2.57E-04
1.44E-04
2.49E-04
1.94E-04
2.37E-04
2.35E-04
2.22E-04
2.62E-04
2.06E-04
2.73E-04
1.89E-04
2.68E-04
1.75E-04
2.49E-04
1.67E-04
2.23E-04
1.62E-04
1.98E-04
1.58E-04
1.75E-04
1.51E-04
1.53E-04
1.37E-04
1.32E-04
1.16E-04
1.12E-04
9.62E-05
9.33E-05
9.01E-05
7.21E-05
