3.88E-05
6.12E-05
5.84E-05
1.04E-04
1.03E-04
1.26E-04
1.41E-04
1.42E-04
1.59E-04
1.66E-04
1.61E-04
1.90E-04
1.58E-04
2.12E-04
1.58E-04
2.19E-04
1.63E-04
2.18E-04
1.71E-04
2.19E-04
1.78E-04
2.19E-04
1.86E-04
2.13E-04
1.90E-04
2.13E-04
1.90E-04
2.07E-04
1.87E-04
1.99E-04
1.80E-04
1.92E-04
1.72E-04
1.87E-04
1.63E-04
1.77E-04
1.57E-04
1.69E-04
1.52E-04
1.57E-04
1.44E-04
1.49E-04
1.33E-04
1.47E-04
1.22E-04
1.43E-04
1.15E-04
1.36E-04
1.11E-04
1.32E-04
1.09E-04
1.26E-04
1.07E-04
1.22E-04
1.06E-04
1.19E-04
1.06E-04
1.16E-04
1.07E-04
1.10E-04
1.07E-04
1.05E-04
1.01E-04
9.97E-05
9.38E-05
9.50E-05
8.45E-05
9.32E-05
7.37E-05
9.40E-05
6.33E-05
9.77E-05
5.71E-05
1.08E-04
5.90E-05
1.20E-04
7.03E-05
1.36E-04
8.87E-05
1.51E-04
1.12E-04
1.61E-04
1.37E-04
1.62E-04
1.58E-04
1.58E-04
1.73E-04
1.43E-04
1.80E-04
1.24E-04
1.77E-04
1.06E-04
1.68E-04
9.06E-05
1.55E-04
7.94E-05
1.45E-04
7.96E-05
1.37E-04
9.45E-05
1.33E-04
1.26E-04
1.35E-04
1.67E-04
1.42E-04
2.07E-04
1.55E-04
2.39E-04
1.73E-04
2.53E-04
1.99E-04
2.36E-04
2.32E-04
1.93E-04
2.61E-04
1.38E-04
2.70E-04
8.94E-05
2.58E-04
7.15E-05
2.40E-04
1.03E-04
2.32E-04
1.70E-04
2.47E-04
2.38E-04
2.77E-04
2.74E-04
3.09E-04
2.67E-04
3.34E-04
2.21E-04
3.56E-04
1.90E-04
3.63E-04
1.94E-04
3.60E-04
2.41E-04
3.41E-04
3.49E-04
2.93E-04
5.40E-04
2.14E-04
7.67E-04
1.34E-04
1.06E-03
5.49E-05
1.47E-03
1.18E-05
2.98E-03
1.02E-06
1.58E-02
8.97E-06
2.78E-03
5.62E-05
1.46E-03
1.32E-04
1.04E-03
2.15E-04
7.62E-04
2.94E-04
5.28E-04
3.48E-04
3.41E-04
3.72E-04
2.29E-04
3.86E-04
2.03E-04
3.77E-04
2.11E-04
3.39E-04
2.48E-04
2.80E-04
2.58E-04
2.29E-04
2.19E-04
2.07E-04
1.70E-04
2.35E-04
1.05E-04
