5.19E-05
4.75E-05
5.44E-05
6.73E-05
6.65E-05
7.49E-05
7.18E-05
7.34E-05
6.66E-05
6.98E-05
5.91E-05
6.71E-05
5.72E-05
6.81E-05
6.23E-05
7.07E-05
7.01E-05
7.53E-05
7.59E-05
7.82E-05
7.89E-05
7.98E-05
8.03E-05
8.36E-05
8.13E-05
8.80E-05
8.27E-05
8.64E-05
8.30E-05
8.45E-05
8.25E-05
8.53E-05
8.37E-05
8.81E-05
8.81E-05
9.45E-05
9.34E-05
1.05E-04
9.85E-05
1.17E-04
1.04E-04
1.29E-04
1.11E-04
1.40E-04
1.18E-04
1.49E-04
1.28E-04
1.53E-04
1.38E-04
1.56E-04
1.48E-04
1.54E-04
1.64E-04
1.49E-04
1.86E-04
1.43E-04
2.14E-04
1.33E-04
2.52E-04
1.17E-04
2.98E-04
9.84E-05
3.46E-04
7.80E-05
3.93E-04
6.45E-05
4.30E-04
7.41E-05
4.47E-04
1.23E-04
4.39E-04
2.07E-04
4.21E-04
3.39E-04
3.85E-04
4.79E-04
3.57E-04
5.81E-04
3.40E-04
6.52E-04
3.19E-04
7.52E-04
2.74E-04
8.53E-04
2.26E-04
1.17E-03
1.40E-04
1.98E-03
3.93E-05
4.69E-03
4.08E-06
1.91E-02
2.39E-05
4.67E-03
1.19E-04
2.10E-03
2.14E-04
1.24E-03
2.66E-04
9.64E-04
2.99E-04
8.93E-04
3.46E-04
8.19E-04
4.03E-04
6.89E-04
4.73E-04
5.19E-04
5.28E-04
3.16E-04
5.54E-04
1.76E-04
5.46E-04
9.45E-05
5.04E-04
6.71E-05
4.30E-04
7.87E-05
3.48E-04
1.09E-04
2.73E-04
1.35E-04
2.09E-04
1.49E-04
1.61E-04
1.49E-04
1.31E-04
1.42E-04
1.13E-04
1.32E-04
1.05E-04
1.24E-04
1.01E-04
1.20E-04
9.84E-05
1.17E-04
9.60E-05
1.15E-04
9.43E-05
1.12E-04
9.34E-05
1.07E-04
9.54E-05
1.04E-04
9.75E-05
1.00E-04
9.86E-05
9.92E-05
9.82E-05
1.01E-04
9.60E-05
1.04E-04
9.25E-05
1.06E-04
9.12E-05
1.11E-04
9.11E-05
1.10E-04
9.26E-05
1.06E-04
9.39E-05
1.08E-04
9.53E-05
1.15E-04
1.03E-04
1.23E-04
1.26E-04
1.34E-04
1.57E-04
1.40E-04
1.89E-04
1.47E-04
1.98E-04
1.59E-04
1.64E-04
1.72E-04
1.08E-04
1.61E-04
9.14E-05
8.66E-05
