2.28E-04
3.36E-05
2.29E-04
5.37E-05
2.70E-04
7.55E-05
3.18E-04
1.32E-04
3.39E-04
2.12E-04
3.16E-04
2.91E-04
2.83E-04
4.12E-04
2.33E-04
5.44E-04
1.81E-04
6.58E-04
1.33E-04
8.27E-04
7.57E-05
1.29E-03
2.07E-05
2.85E-03
3.47E-06
1.51E-02
1.77E-05
3.04E-03
6.58E-05
1.31E-03
1.28E-04
8.70E-04
1.71E-04
6.77E-04
2.28E-04
5.67E-04
2.75E-04
4.26E-04
3.09E-04
3.19E-04
3.37E-04
2.27E-04
3.50E-04
1.45E-04
3.34E-04
8.49E-05
3.09E-04
6.28E-05
2.70E-04
6.35E-05
2.27E-04
8.78E-05
1.87E-04
1.26E-04
1.56E-04
1.60E-04
1.32E-04
1.75E-04
1.15E-04
1.68E-04
1.05E-04
1.38E-04
1.05E-04
1.06E-04
1.23E-04
8.96E-05
1.53E-04
9.00E-05
1.75E-04
1.01E-04
1.80E-04
1.21E-04
1.71E-04
1.39E-04
1.62E-04
1.52E-04
1.60E-04
1.60E-04
1.59E-04
1.61E-04
1.48E-04
1.56E-04
1.26E-04
1.49E-04
1.01E-04
1.35E-04
7.75E-05
1.17E-04
6.64E-05
9.96E-05
7.38E-05
8.80E-05
9.26E-05
7.86E-05
1.15E-04
7.77E-05
1.30E-04
8.15E-05
1.35E-04
8.71E-05
1.33E-04
9.42E-05
1.29E-04
9.94E-05
1.23E-04
1.01E-04
1.17E-04
1.08E-04
1.10E-04
1.13E-04
1.04E-04
1.16E-04
9.84E-05
1.20E-04
9.50E-05
1.24E-04
9.25E-05
1.22E-04
9.02E-05
1.24E-04
8.89E-05
1.23E-04
8.78E-05
1.22E-04
8.77E-05
1.24E-04
8.89E-05
1.26E-04
8.97E-05
1.25E-04
9.04E-05
1.29E-04
9.27E-05
1.31E-04
9.87E-05
1.36E-04
1.11E-04
1.43E-04
1.29E-04
1.49E-04
1.44E-04
1.55E-04
1.57E-04
1.71E-04
1.69E-04
1.81E-04
1.79E-04
1.90E-04
1.88E-04
2.04E-04
1.94E-04
2.13E-04
1.94E-04
2.17E-04
1.91E-04
2.28E-04
1.85E-04
2.26E-04
1.77E-04
2.20E-04
1.66E-04
2.20E-04
1.55E-04
2.21E-04
1.48E-04
2.20E-04
1.49E-04
2.21E-04
1.52E-04
2.03E-04
1.48E-04
1.79E-04
1.31E-04
1.56E-04
9.72E-05
1.34E-04
5.85E-05
1.07E-04
4.11E-05
6.10E-05
