2.09E-04
1.54E-02
1.41E-04
2.72E-03
2.54E-05
1.06E-03
5.40E-05
6.80E-04
9.63E-05
5.14E-04
1.41E-04
4.12E-04
1.81E-04
3.14E-04
2.13E-04
2.32E-04
2.37E-04
1.61E-04
2.49E-04
1.03E-04
2.44E-04
6.30E-05
2.28E-04
4.29E-05
2.03E-04
3.56E-05
1.75E-04
4.05E-05
1.47E-04
5.49E-05
1.25E-04
7.47E-05
1.08E-04
9.36E-05
9.83E-05
1.06E-04
9.33E-05
1.05E-04
8.93E-05
9.26E-05
8.39E-05
7.55E-05
7.66E-05
6.25E-05
6.84E-05
5.94E-05
6.25E-05
6.66E-05
6.18E-05
7.61E-05
6.64E-05
8.34E-05
7.52E-05
8.84E-05
8.56E-05
9.18E-05
9.31E-05
9.23E-05
9.38E-05
9.11E-05
8.77E-05
9.08E-05
8.07E-05
9.53E-05
8.03E-05
1.02E-04
8.75E-05
1.06E-04
9.67E-05
1.06E-04
1.04E-04
1.06E-04
1.12E-04
1.08E-04
1.21E-04
1.08E-04
1.26E-04
1.08E-04
1.23E-04
1.06E-04
1.09E-04
9.99E-05
8.84E-05
9.07E-05
6.86E-05
7.86E-05
5.52E-05
6.50E-05
5.18E-05
5.28E-05
5.71E-05
4.61E-05
6.52E-05
4.37E-05
7.11E-05
4.56E-05
7.22E-05
4.93E-05
6.90E-05
5.23E-05
6.29E-05
5.41E-05
5.60E-05
5.45E-05
4.84E-05
5.33E-05
3.99E-05
5.19E-05
3.26E-05
4.97E-05
2.80E-05
4.64E-05
2.62E-05
4.35E-05
2.67E-05
4.19E-05
2.90E-05
4.11E-05
3.27E-05
4.17E-05
3.73E-05
4.35E-05
4.20E-05
4.61E-05
4.63E-05
5.01E-05
4.98E-05
5.46E-05
5.25E-05
5.81E-05
5.46E-05
6.14E-05
5.59E-05
6.37E-05
5.65E-05
6.55E-05
5.67E-05
6.73E-05
5.70E-05
6.81E-05
5.72E-05
6.77E-05
5.66E-05
6.75E-05
5.53E-05
6.62E-05
5.30E-05
6.46E-05
5.00E-05
6.30E-05
4.70E-05
6.07E-05
4.44E-05
5.72E-05
4.17E-05
5.35E-05
3.84E-05
4.97E-05
3.41E-05
4.69E-05
3.01E-05
4.49E-05
2.78E-05
4.18E-05
2.59E-05
3.76E-05
2.32E-05
3.45E-05
2.12E-05
3.16E-05
2.08E-05
2.75E-05
1.97E-05
2.28E-05
1.56E-05
1.88E-05
9.97E-06
1.48E-05
7.56E-06
9.17E-06
