2.34E-04
3.56E-05
2.35E-04
5.63E-05
2.80E-04
8.00E-05
3.29E-04
1.39E-04
3.48E-04
2.17E-04
3.24E-04
3.09E-04
2.81E-04
4.34E-04
2.28E-04
5.73E-04
1.73E-04
7.20E-04
1.17E-04
9.26E-04
5.84E-05
1.39E-03
8.45E-06
3.01E-03
3.45E-06
1.70E-02
8.13E-06
3.24E-03
5.31E-05
1.41E-03
1.14E-04
9.55E-04
1.69E-04
7.34E-04
2.28E-04
5.91E-04
2.79E-04
4.50E-04
3.19E-04
3.32E-04
3.47E-04
2.29E-04
3.59E-04
1.45E-04
3.46E-04
8.86E-05
3.19E-04
6.57E-05
2.79E-04
6.93E-05
2.34E-04
9.56E-05
1.94E-04
1.34E-04
1.62E-04
1.68E-04
1.37E-04
1.83E-04
1.20E-04
1.72E-04
1.10E-04
1.41E-04
1.11E-04
1.08E-04
1.30E-04
9.14E-05
1.61E-04
9.23E-05
1.84E-04
1.05E-04
1.87E-04
1.25E-04
1.76E-04
1.43E-04
1.67E-04
1.57E-04
1.66E-04
1.63E-04
1.64E-04
1.64E-04
1.53E-04
1.59E-04
1.30E-04
1.51E-04
1.02E-04
1.36E-04
7.81E-05
1.18E-04
6.83E-05
9.94E-05
7.80E-05
8.67E-05
1.00E-04
7.85E-05
1.24E-04
7.79E-05
1.39E-04
8.26E-05
1.44E-04
8.94E-05
1.41E-04
9.61E-05
1.35E-04
1.01E-04
1.30E-04
1.03E-04
1.23E-04
1.09E-04
1.15E-04
1.14E-04
1.09E-04
1.17E-04
1.04E-04
1.20E-04
1.00E-04
1.23E-04
9.80E-05
1.23E-04
9.62E-05
1.24E-04
9.49E-05
1.23E-04
9.39E-05
1.23E-04
9.40E-05
1.24E-04
9.49E-05
1.26E-04
9.57E-05
1.27E-04
9.66E-05
1.29E-04
9.90E-05
1.32E-04
1.06E-04
1.37E-04
1.20E-04
1.43E-04
1.39E-04
1.49E-04
1.55E-04
1.58E-04
1.69E-04
1.72E-04
1.81E-04
1.83E-04
1.91E-04
1.93E-04
2.00E-04
2.03E-04
2.05E-04
2.12E-04
2.04E-04
2.18E-04
1.99E-04
2.25E-04
1.93E-04
2.23E-04
1.84E-04
2.18E-04
1.73E-04
2.15E-04
1.61E-04
2.16E-04
1.54E-04
2.17E-04
1.55E-04
2.14E-04
1.57E-04
1.98E-04
1.53E-04
1.76E-04
1.37E-04
1.53E-04
1.02E-04
1.31E-04
6.08E-05
1.05E-04
4.26E-05
5.94E-05
