1.24E-04
1.05E-04
1.19E-04
1.52E-04
1.36E-04
1.66E-04
1.46E-04
1.65E-04
1.44E-04
1.62E-04
1.36E-04
1.56E-04
1.30E-04
1.50E-04
1.29E-04
1.45E-04
1.33E-04
1.44E-04
1.36E-04
1.53E-04
1.36E-04
1.62E-04
1.36E-04
1.63E-04
1.35E-04
1.63E-04
1.33E-04
1.62E-04
1.30E-04
1.62E-04
1.27E-04
1.61E-04
1.23E-04
1.58E-04
1.22E-04
1.47E-04
1.24E-04
1.33E-04
1.31E-04
1.15E-04
1.44E-04
9.62E-05
1.62E-04
8.22E-05
1.82E-04
7.62E-05
2.01E-04
8.04E-05
2.19E-04
9.89E-05
2.32E-04
1.25E-04
2.42E-04
1.54E-04
2.51E-04
1.84E-04
2.59E-04
2.15E-04
2.66E-04
2.34E-04
2.82E-04
2.59E-04
2.97E-04
2.86E-04
3.14E-04
3.10E-04
3.27E-04
3.63E-04
3.23E-04
4.87E-04
2.86E-04
6.71E-04
2.27E-04
1.02E-03
1.21E-04
1.64E-03
5.39E-05
3.37E-03
1.99E-05
1.56E-02
1.55E-05
3.36E-03
7.51E-05
1.75E-03
1.51E-04
1.04E-03
2.19E-04
7.76E-04
2.59E-04
6.99E-04
2.86E-04
6.77E-04
3.19E-04
6.24E-04
3.83E-04
5.07E-04
4.56E-04
3.21E-04
5.12E-04
1.71E-04
5.27E-04
8.87E-05
4.90E-04
7.26E-05
4.03E-04
9.26E-05
3.01E-04
1.18E-04
2.18E-04
1.32E-04
1.63E-04
1.35E-04
1.35E-04
1.34E-04
1.24E-04
1.35E-04
1.23E-04
1.38E-04
1.28E-04
1.46E-04
1.36E-04
1.55E-04
1.45E-04
1.66E-04
1.53E-04
1.78E-04
1.57E-04
1.86E-04
1.58E-04
1.91E-04
1.57E-04
1.98E-04
1.52E-04
2.00E-04
1.46E-04
2.01E-04
1.41E-04
2.01E-04
1.37E-04
1.97E-04
1.33E-04
1.90E-04
1.29E-04
1.85E-04
1.25E-04
1.78E-04
1.20E-04
1.70E-04
1.15E-04
1.62E-04
1.06E-04
1.51E-04
9.67E-05
1.37E-04
9.34E-05
1.21E-04
9.71E-05
1.10E-04
1.06E-04
1.08E-04
1.21E-04
1.12E-04
1.39E-04
1.14E-04
1.51E-04
1.14E-04
1.50E-04
1.19E-04
1.38E-04
1.24E-04
1.24E-04
1.31E-04
1.12E-04
1.37E-04
9.23E-05
1.38E-04
6.83E-05
1.23E-04
6.71E-05
7.68E-05
