3.60E-04
1.03E-04
2.69E-04
1.82E-04
2.56E-04
3.12E-04
2.67E-04
4.42E-04
2.37E-04
5.75E-04
1.70E-04
7.28E-04
1.07E-04
9.58E-04
5.05E-05
1.42E-03
9.73E-06
3.28E-03
6.97E-06
1.75E-02
1.01E-05
3.05E-03
5.69E-05
1.42E-03
1.15E-04
9.51E-04
1.73E-04
7.32E-04
2.31E-04
5.81E-04
2.85E-04
4.50E-04
3.26E-04
3.31E-04
3.56E-04
2.33E-04
3.68E-04
1.50E-04
3.59E-04
9.36E-05
3.32E-04
6.54E-05
2.92E-04
6.47E-05
2.44E-04
8.85E-05
1.99E-04
1.28E-04
1.64E-04
1.66E-04
1.41E-04
1.88E-04
1.30E-04
1.86E-04
1.27E-04
1.62E-04
1.26E-04
1.28E-04
1.27E-04
1.03E-04
1.37E-04
9.42E-05
1.60E-04
1.01E-04
1.83E-04
1.15E-04
1.89E-04
1.31E-04
1.77E-04
1.50E-04
1.63E-04
1.66E-04
1.64E-04
1.73E-04
1.78E-04
1.70E-04
1.90E-04
1.62E-04
1.88E-04
1.54E-04
1.71E-04
1.45E-04
1.40E-04
1.35E-04
1.08E-04
1.24E-04
8.47E-05
1.09E-04
7.86E-05
9.14E-05
8.98E-05
7.66E-05
1.08E-04
6.73E-05
1.24E-04
6.76E-05
1.34E-04
7.60E-05
1.38E-04
8.83E-05
1.40E-04
1.02E-04
1.43E-04
1.14E-04
1.41E-04
1.23E-04
1.34E-04
1.32E-04
1.23E-04
1.37E-04
1.13E-04
1.38E-04
1.05E-04
1.36E-04
1.01E-04
1.34E-04
9.87E-05
1.30E-04
9.73E-05
1.27E-04
9.69E-05
1.24E-04
9.76E-05
1.23E-04
1.00E-04
1.25E-04
1.04E-04
1.27E-04
1.09E-04
1.29E-04
1.15E-04
1.35E-04
1.24E-04
1.42E-04
1.38E-04
1.49E-04
1.54E-04
1.57E-04
1.68E-04
1.67E-04
1.77E-04
1.79E-04
1.85E-04
1.91E-04
1.91E-04
2.00E-04
1.95E-04
2.07E-04
1.95E-04
2.13E-04
1.91E-04
2.17E-04
1.84E-04
2.16E-04
1.74E-04
2.13E-04
1.64E-04
2.06E-04
1.52E-04
1.98E-04
1.41E-04
1.92E-04
1.31E-04
1.88E-04
1.26E-04
1.82E-04
1.24E-04
1.73E-04
1.21E-04
1.60E-04
1.17E-04
1.42E-04
1.07E-04
1.20E-04
7.99E-05
1.02E-04
4.66E-05
8.17E-05
3.23E-05
4.64E-05
