1.27E-04
1.06E-04
1.22E-04
1.53E-04
1.39E-04
1.67E-04
1.50E-04
1.67E-04
1.48E-04
1.64E-04
1.40E-04
1.58E-04
1.33E-04
1.51E-04
1.32E-04
1.46E-04
1.36E-04
1.46E-04
1.39E-04
1.54E-04
1.39E-04
1.63E-04
1.39E-04
1.65E-04
1.38E-04
1.65E-04
1.36E-04
1.64E-04
1.34E-04
1.65E-04
1.30E-04
1.64E-04
1.27E-04
1.60E-04
1.25E-04
1.50E-04
1.27E-04
1.36E-04
1.34E-04
1.17E-04
1.47E-04
9.86E-05
1.65E-04
8.39E-05
1.86E-04
7.71E-05
2.06E-04
8.14E-05
2.24E-04
9.89E-05
2.38E-04
1.25E-04
2.49E-04
1.56E-04
2.58E-04
1.87E-04
2.65E-04
2.17E-04
2.74E-04
2.41E-04
2.87E-04
2.66E-04
3.03E-04
2.92E-04
3.20E-04
3.23E-04
3.30E-04
3.81E-04
3.22E-04
5.01E-04
2.84E-04
7.04E-04
2.15E-04
1.07E-03
1.09E-04
1.71E-03
4.43E-05
3.53E-03
1.99E-05
1.68E-02
1.36E-05
3.50E-03
6.67E-05
1.82E-03
1.41E-04
1.11E-03
2.14E-04
8.22E-04
2.57E-04
7.26E-04
2.85E-04
7.02E-04
3.24E-04
6.46E-04
3.89E-04
5.13E-04
4.65E-04
3.26E-04
5.24E-04
1.72E-04
5.39E-04
8.86E-05
4.98E-04
7.44E-05
4.09E-04
9.61E-05
3.05E-04
1.22E-04
2.20E-04
1.36E-04
1.65E-04
1.38E-04
1.37E-04
1.36E-04
1.27E-04
1.37E-04
1.26E-04
1.41E-04
1.32E-04
1.49E-04
1.41E-04
1.59E-04
1.50E-04
1.70E-04
1.58E-04
1.82E-04
1.63E-04
1.90E-04
1.64E-04
1.96E-04
1.63E-04
2.02E-04
1.58E-04
2.04E-04
1.52E-04
2.05E-04
1.46E-04
2.04E-04
1.42E-04
2.01E-04
1.38E-04
1.94E-04
1.33E-04
1.87E-04
1.29E-04
1.80E-04
1.25E-04
1.72E-04
1.18E-04
1.63E-04
1.09E-04
1.52E-04
9.96E-05
1.37E-04
9.67E-05
1.22E-04
1.01E-04
1.11E-04
1.10E-04
1.10E-04
1.26E-04
1.13E-04
1.44E-04
1.16E-04
1.57E-04
1.17E-04
1.55E-04
1.20E-04
1.42E-04
1.26E-04
1.28E-04
1.33E-04
1.16E-04
1.38E-04
9.52E-05
1.39E-04
7.03E-05
1.24E-04
6.95E-05
7.69E-05
