2.55E-05
4.17E-05
3.90E-05
7.11E-05
6.99E-05
8.70E-05
9.37E-05
1.02E-04
1.03E-04
1.20E-04
1.10E-04
1.36E-04
1.18E-04
1.52E-04
1.23E-04
1.68E-04
1.29E-04
1.79E-04
1.39E-04
1.88E-04
1.50E-04
1.97E-04
1.61E-04
2.05E-04
1.71E-04
2.15E-04
1.80E-04
2.21E-04
1.90E-04
2.26E-04
1.98E-04
2.30E-04
2.04E-04
2.34E-04
2.07E-04
2.34E-04
2.06E-04
2.36E-04
2.03E-04
2.33E-04
2.01E-04
2.23E-04
1.97E-04
2.13E-04
1.89E-04
2.05E-04
1.77E-04
1.97E-04
1.65E-04
1.90E-04
1.54E-04
1.80E-04
1.45E-04
1.69E-04
1.36E-04
1.59E-04
1.28E-04
1.50E-04
1.21E-04
1.42E-04
1.18E-04
1.35E-04
1.18E-04
1.28E-04
1.19E-04
1.22E-04
1.19E-04
1.18E-04
1.19E-04
1.16E-04
1.20E-04
1.13E-04
1.16E-04
1.13E-04
1.07E-04
1.13E-04
9.34E-05
1.14E-04
8.09E-05
1.16E-04
7.19E-05
1.17E-04
6.75E-05
1.20E-04
6.88E-05
1.24E-04
7.73E-05
1.25E-04
9.32E-05
1.26E-04
1.13E-04
1.23E-04
1.34E-04
1.15E-04
1.49E-04
1.03E-04
1.54E-04
9.02E-05
1.51E-04
8.21E-05
1.45E-04
8.24E-05
1.46E-04
9.36E-05
1.59E-04
1.15E-04
1.84E-04
1.42E-04
2.08E-04
1.70E-04
2.18E-04
1.99E-04
2.08E-04
2.27E-04
1.89E-04
2.48E-04
1.77E-04
2.57E-04
1.85E-04
2.51E-04
2.08E-04
2.30E-04
2.29E-04
1.95E-04
2.36E-04
1.52E-04
2.29E-04
1.12E-04
2.19E-04
8.69E-05
2.16E-04
8.25E-05
2.21E-04
1.04E-04
2.31E-04
1.44E-04
2.47E-04
1.93E-04
2.72E-04
2.31E-04
3.04E-04
2.46E-04
3.38E-04
2.31E-04
3.69E-04
2.10E-04
3.86E-04
2.07E-04
3.86E-04
2.47E-04
3.63E-04
3.55E-04
3.07E-04
5.48E-04
2.21E-04
8.05E-04
1.29E-04
1.13E-03
5.00E-05
1.56E-03
1.23E-05
3.13E-03
7.14E-06
1.71E-02
1.29E-05
2.90E-03
5.66E-05
1.57E-03
1.37E-04
1.12E-03
2.32E-04
7.83E-04
2.79E-04
5.43E-04
2.57E-04
3.77E-04
2.60E-04
2.32E-04
3.80E-04
1.42E-04
