3.28E-05
4.97E-05
4.98E-05
8.52E-05
8.74E-05
1.03E-04
1.17E-04
1.19E-04
1.30E-04
1.40E-04
1.35E-04
1.60E-04
1.37E-04
1.81E-04
1.39E-04
1.94E-04
1.47E-04
2.00E-04
1.56E-04
2.07E-04
1.65E-04
2.15E-04
1.72E-04
2.19E-04
1.80E-04
2.23E-04
1.87E-04
2.23E-04
1.92E-04
2.19E-04
1.94E-04
2.17E-04
1.91E-04
2.15E-04
1.85E-04
2.08E-04
1.78E-04
2.03E-04
1.71E-04
1.91E-04
1.65E-04
1.77E-04
1.56E-04
1.67E-04
1.44E-04
1.62E-04
1.32E-04
1.54E-04
1.23E-04
1.47E-04
1.16E-04
1.38E-04
1.12E-04
1.31E-04
1.08E-04
1.25E-04
1.05E-04
1.22E-04
1.05E-04
1.19E-04
1.08E-04
1.17E-04
1.09E-04
1.14E-04
1.08E-04
1.11E-04
1.05E-04
1.10E-04
1.00E-04
1.07E-04
9.43E-05
1.03E-04
8.47E-05
1.01E-04
7.35E-05
9.95E-05
6.57E-05
1.03E-04
6.48E-05
1.11E-04
7.26E-05
1.21E-04
8.97E-05
1.30E-04
1.12E-04
1.35E-04
1.35E-04
1.35E-04
1.55E-04
1.27E-04
1.66E-04
1.15E-04
1.68E-04
9.90E-05
1.61E-04
8.27E-05
1.51E-04
7.26E-05
1.41E-04
7.30E-05
1.38E-04
8.81E-05
1.44E-04
1.17E-04
1.59E-04
1.55E-04
1.80E-04
1.96E-04
1.94E-04
2.33E-04
1.98E-04
2.60E-04
2.02E-04
2.69E-04
2.18E-04
2.57E-04
2.44E-04
2.24E-04
2.68E-04
1.72E-04
2.73E-04
1.19E-04
2.57E-04
8.36E-05
2.38E-04
7.94E-05
2.30E-04
1.09E-04
2.37E-04
1.58E-04
2.55E-04
2.03E-04
2.79E-04
2.31E-04
3.03E-04
2.34E-04
3.29E-04
2.15E-04
3.54E-04
1.96E-04
3.69E-04
2.03E-04
3.68E-04
2.45E-04
3.52E-04
3.55E-04
3.01E-04
5.37E-04
2.22E-04
7.83E-04
1.34E-04
1.08E-03
5.52E-05
1.52E-03
7.71E-06
2.85E-03
1.04E-06
1.65E-02
9.60E-06
3.07E-03
5.39E-05
1.53E-03
1.34E-04
1.11E-03
2.24E-04
7.86E-04
3.15E-04
5.33E-04
3.76E-04
3.44E-04
3.94E-04
2.54E-04
3.55E-04
2.24E-04
2.86E-04
1.99E-04
2.42E-04
1.85E-04
2.82E-04
1.36E-04
