2.54E-04
6.80E-04
3.72E-05
1.36E-03
1.75E-05
3.11E-03
8.65E-06
1.71E-02
1.02E-05
2.96E-03
5.63E-05
1.34E-03
1.10E-04
8.98E-04
1.60E-04
7.07E-04
2.13E-04
5.70E-04
2.64E-04
4.37E-04
3.03E-04
3.13E-04
3.33E-04
2.17E-04
3.43E-04
1.39E-04
3.33E-04
8.95E-05
3.07E-04
6.52E-05
2.72E-04
6.21E-05
2.31E-04
7.87E-05
1.93E-04
1.11E-04
1.61E-04
1.47E-04
1.39E-04
1.74E-04
1.26E-04
1.80E-04
1.20E-04
1.62E-04
1.16E-04
1.29E-04
1.12E-04
1.00E-04
1.07E-04
8.53E-05
1.04E-04
8.58E-05
1.05E-04
9.83E-05
1.15E-04
1.16E-04
1.31E-04
1.34E-04
1.48E-04
1.47E-04
1.55E-04
1.53E-04
1.50E-04
1.59E-04
1.42E-04
1.68E-04
1.47E-04
1.74E-04
1.67E-04
1.72E-04
1.91E-04
1.68E-04
2.08E-04
1.65E-04
2.14E-04
1.65E-04
2.06E-04
1.67E-04
1.85E-04
1.66E-04
1.52E-04
1.58E-04
1.16E-04
1.43E-04
8.97E-05
1.22E-04
8.24E-05
9.78E-05
9.62E-05
7.88E-05
1.25E-04
7.25E-05
1.55E-04
7.63E-05
1.77E-04
9.08E-05
1.88E-04
1.09E-04
1.88E-04
1.25E-04
1.81E-04
1.38E-04
1.67E-04
1.48E-04
1.48E-04
1.51E-04
1.25E-04
1.54E-04
1.03E-04
1.51E-04
8.77E-05
1.43E-04
7.83E-05
1.33E-04
7.41E-05
1.25E-04
7.34E-05
1.15E-04
7.57E-05
1.09E-04
8.05E-05
1.05E-04
8.70E-05
1.04E-04
9.42E-05
1.07E-04
1.01E-04
1.13E-04
1.05E-04
1.19E-04
1.10E-04
1.26E-04
1.14E-04
1.31E-04
1.18E-04
1.35E-04
1.19E-04
1.41E-04
1.21E-04
1.46E-04
1.22E-04
1.47E-04
1.23E-04
1.49E-04
1.22E-04
1.49E-04
1.20E-04
1.47E-04
1.15E-04
1.45E-04
1.10E-04
1.41E-04
1.03E-04
1.35E-04
9.71E-05
1.28E-04
9.01E-05
1.19E-04
8.13E-05
1.12E-04
7.23E-05
1.08E-04
6.63E-05
1.02E-04
6.17E-05
9.25E-05
5.57E-05
8.49E-05
5.04E-05
7.79E-05
4.89E-05
6.83E-05
4.62E-05
5.68E-05
3.51E-05
4.77E-05
2.06E-05
3.82E-05
1.51E-05
2.27E-05
