4.37E-05
6.70E-05
6.67E-05
1.14E-04
1.18E-04
1.35E-04
1.63E-04
1.51E-04
1.81E-04
1.75E-04
1.75E-04
1.97E-04
1.65E-04
2.16E-04
1.61E-04
2.15E-04
1.63E-04
2.04E-04
1.66E-04
1.99E-04
1.67E-04
1.95E-04
1.68E-04
1.84E-04
1.66E-04
1.81E-04
1.60E-04
1.72E-04
1.53E-04
1.62E-04
1.44E-04
1.58E-04
1.35E-04
1.56E-04
1.29E-04
1.45E-04
1.27E-04
1.38E-04
1.21E-04
1.32E-04
1.14E-04
1.30E-04
1.08E-04
1.27E-04
1.05E-04
1.25E-04
1.04E-04
1.20E-04
1.05E-04
1.21E-04
1.04E-04
1.18E-04
1.03E-04
1.14E-04
1.02E-04
1.10E-04
9.93E-05
1.04E-04
9.34E-05
9.64E-05
8.43E-05
9.53E-05
7.47E-05
9.41E-05
6.72E-05
9.69E-05
6.21E-05
1.05E-04
6.12E-05
1.17E-04
6.78E-05
1.29E-04
7.96E-05
1.45E-04
9.51E-05
1.59E-04
1.13E-04
1.69E-04
1.31E-04
1.75E-04
1.48E-04
1.74E-04
1.63E-04
1.64E-04
1.72E-04
1.52E-04
1.74E-04
1.34E-04
1.71E-04
1.14E-04
1.63E-04
1.00E-04
1.53E-04
9.16E-05
1.40E-04
9.09E-05
1.28E-04
1.06E-04
1.15E-04
1.33E-04
1.07E-04
1.68E-04
1.11E-04
1.97E-04
1.30E-04
2.10E-04
1.69E-04
1.96E-04
2.14E-04
1.56E-04
2.50E-04
1.03E-04
2.63E-04
6.49E-05
2.52E-04
7.23E-05
2.33E-04
1.31E-04
2.32E-04
2.15E-04
2.60E-04
2.95E-04
2.99E-04
3.15E-04
3.37E-04
2.65E-04
3.66E-04
1.99E-04
3.77E-04
1.80E-04
3.68E-04
2.08E-04
3.57E-04
3.32E-04
3.06E-04
5.19E-04
2.31E-04
7.31E-04
1.50E-04
9.75E-04
7.07E-05
1.39E-03
1.80E-05
2.68E-03
1.74E-06
1.45E-02
1.97E-05
2.85E-03
6.59E-05
1.40E-03
1.44E-04
1.00E-03
2.17E-04
7.33E-04
2.92E-04
5.27E-04
3.32E-04
3.34E-04
3.45E-04
2.33E-04
3.47E-04
1.99E-04
3.39E-04
1.96E-04
3.18E-04
2.20E-04
3.01E-04
2.53E-04
2.75E-04
2.41E-04
2.45E-04
2.02E-04
2.24E-04
1.38E-04
2.10E-04
8.39E-05
1.87E-04
6.42E-05
1.76E-04
5.60E-05
