1.28E-04
1.06E-04
1.23E-04
1.54E-04
1.41E-04
1.68E-04
1.52E-04
1.68E-04
1.50E-04
1.65E-04
1.42E-04
1.59E-04
1.35E-04
1.52E-04
1.34E-04
1.47E-04
1.38E-04
1.47E-04
1.41E-04
1.55E-04
1.41E-04
1.64E-04
1.41E-04
1.67E-04
1.40E-04
1.66E-04
1.38E-04
1.66E-04
1.36E-04
1.66E-04
1.33E-04
1.66E-04
1.29E-04
1.62E-04
1.27E-04
1.52E-04
1.28E-04
1.37E-04
1.36E-04
1.19E-04
1.49E-04
1.00E-04
1.67E-04
8.49E-05
1.88E-04
7.78E-05
2.09E-04
8.20E-05
2.27E-04
9.89E-05
2.41E-04
1.26E-04
2.53E-04
1.58E-04
2.62E-04
1.89E-04
2.70E-04
2.19E-04
2.78E-04
2.45E-04
2.91E-04
2.70E-04
3.07E-04
2.96E-04
3.24E-04
3.31E-04
3.32E-04
3.92E-04
3.23E-04
5.10E-04
2.84E-04
7.25E-04
2.08E-04
1.11E-03
1.02E-04
1.76E-03
3.95E-05
3.64E-03
2.00E-05
1.77E-02
1.48E-05
3.60E-03
6.28E-05
1.87E-03
1.36E-04
1.15E-03
2.12E-04
8.51E-04
2.56E-04
7.42E-04
2.84E-04
7.18E-04
3.28E-04
6.59E-04
3.93E-04
5.16E-04
4.71E-04
3.30E-04
5.32E-04
1.73E-04
5.46E-04
8.87E-05
5.03E-04
7.56E-05
4.13E-04
9.84E-05
3.08E-04
1.24E-04
2.21E-04
1.38E-04
1.66E-04
1.39E-04
1.38E-04
1.38E-04
1.28E-04
1.39E-04
1.29E-04
1.43E-04
1.35E-04
1.51E-04
1.44E-04
1.61E-04
1.54E-04
1.73E-04
1.62E-04
1.84E-04
1.67E-04
1.93E-04
1.68E-04
1.99E-04
1.66E-04
2.04E-04
1.62E-04
2.07E-04
1.56E-04
2.08E-04
1.50E-04
2.07E-04
1.45E-04
2.02E-04
1.41E-04
1.96E-04
1.37E-04
1.89E-04
1.32E-04
1.81E-04
1.27E-04
1.73E-04
1.21E-04
1.63E-04
1.11E-04
1.52E-04
1.02E-04
1.38E-04
9.88E-05
1.22E-04
1.03E-04
1.11E-04
1.13E-04
1.11E-04
1.29E-04
1.14E-04
1.48E-04
1.16E-04
1.60E-04
1.18E-04
1.59E-04
1.21E-04
1.45E-04
1.26E-04
1.30E-04
1.34E-04
1.18E-04
1.39E-04
9.71E-05
1.39E-04
7.15E-05
1.25E-04
7.10E-05
7.70E-05
