5.94E-05
4.32E-05
7.85E-05
7.13E-05
1.11E-04
8.99E-05
1.31E-04
1.06E-04
1.35E-04
1.20E-04
1.28E-04
1.23E-04
1.18E-04
1.25E-04
1.09E-04
1.23E-04
1.02E-04
1.22E-04
9.94E-05
1.24E-04
1.01E-04
1.25E-04
1.03E-04
1.24E-04
1.03E-04
1.23E-04
1.06E-04
1.16E-04
1.11E-04
1.07E-04
1.12E-04
1.05E-04
1.08E-04
1.06E-04
1.05E-04
1.01E-04
1.03E-04
9.64E-05
9.88E-05
9.34E-05
9.34E-05
9.51E-05
8.95E-05
1.02E-04
8.95E-05
1.11E-04
9.44E-05
1.22E-04
1.01E-04
1.36E-04
1.08E-04
1.50E-04
1.15E-04
1.63E-04
1.21E-04
1.75E-04
1.27E-04
1.85E-04
1.31E-04
1.93E-04
1.36E-04
2.03E-04
1.42E-04
2.10E-04
1.50E-04
2.12E-04
1.56E-04
2.14E-04
1.61E-04
2.14E-04
1.65E-04
2.09E-04
1.69E-04
2.01E-04
1.71E-04
1.89E-04
1.70E-04
1.71E-04
1.65E-04
1.55E-04
1.55E-04
1.42E-04
1.43E-04
1.35E-04
1.36E-04
1.38E-04
1.43E-04
1.45E-04
1.77E-04
1.50E-04
2.39E-04
1.39E-04
3.21E-04
1.10E-04
4.07E-04
7.54E-05
4.67E-04
6.70E-05
4.74E-04
1.15E-04
4.33E-04
2.26E-04
3.70E-04
3.68E-04
3.25E-04
4.98E-04
3.17E-04
5.46E-04
3.20E-04
5.50E-04
2.87E-04
5.87E-04
2.23E-04
7.40E-04
1.56E-04
1.08E-03
8.67E-05
1.73E-03
3.09E-05
3.12E-03
3.47E-05
1.54E-02
6.48E-05
3.19E-03
1.19E-04
1.64E-03
2.30E-04
1.08E-03
3.12E-04
7.20E-04
3.71E-04
4.87E-04
3.90E-04
3.22E-04
3.80E-04
2.58E-04
3.60E-04
2.59E-04
3.34E-04
2.85E-04
3.03E-04
3.17E-04
2.80E-04
3.35E-04
2.62E-04
2.99E-04
2.49E-04
2.36E-04
2.43E-04
1.62E-04
2.42E-04
1.03E-04
2.41E-04
7.54E-05
2.40E-04
8.50E-05
2.39E-04
1.17E-04
2.34E-04
1.60E-04
2.24E-04
2.01E-04
2.08E-04
2.27E-04
1.88E-04
2.35E-04
1.70E-04
2.31E-04
1.58E-04
2.22E-04
1.53E-04
2.05E-04
1.49E-04
1.79E-04
1.35E-04
1.52E-04
1.12E-04
1.29E-04
1.04E-04
9.82E-05
