3.76E-04
3.08E-04
1.75E-04
5.08E-04
1.33E-04
7.01E-04
1.32E-04
8.61E-04
7.48E-05
1.34E-03
1.58E-05
2.96E-03
6.23E-06
1.63E-02
1.46E-05
3.15E-03
6.25E-05
1.35E-03
1.22E-04
9.06E-04
1.70E-04
6.98E-04
2.28E-04
5.68E-04
2.78E-04
4.25E-04
3.17E-04
3.13E-04
3.44E-04
2.19E-04
3.54E-04
1.43E-04
3.39E-04
8.86E-05
3.14E-04
6.53E-05
2.77E-04
6.32E-05
2.35E-04
8.48E-05
1.93E-04
1.23E-04
1.58E-04
1.63E-04
1.31E-04
1.89E-04
1.17E-04
1.92E-04
1.14E-04
1.69E-04
1.14E-04
1.34E-04
1.15E-04
1.03E-04
1.17E-04
8.70E-05
1.21E-04
8.72E-05
1.37E-04
1.04E-04
1.59E-04
1.23E-04
1.78E-04
1.42E-04
1.83E-04
1.58E-04
1.80E-04
1.71E-04
1.80E-04
1.79E-04
1.92E-04
1.79E-04
2.07E-04
1.69E-04
2.12E-04
1.59E-04
2.02E-04
1.53E-04
1.80E-04
1.50E-04
1.52E-04
1.45E-04
1.22E-04
1.36E-04
9.92E-05
1.20E-04
8.84E-05
9.90E-05
9.31E-05
7.84E-05
1.11E-04
6.77E-05
1.34E-04
6.72E-05
1.56E-04
7.88E-05
1.71E-04
9.51E-05
1.78E-04
1.11E-04
1.78E-04
1.25E-04
1.70E-04
1.36E-04
1.54E-04
1.42E-04
1.33E-04
1.49E-04
1.12E-04
1.51E-04
9.56E-05
1.48E-04
8.62E-05
1.43E-04
8.32E-05
1.39E-04
8.44E-05
1.31E-04
8.87E-05
1.27E-04
9.63E-05
1.25E-04
1.05E-04
1.25E-04
1.15E-04
1.29E-04
1.24E-04
1.35E-04
1.30E-04
1.41E-04
1.37E-04
1.55E-04
1.46E-04
1.64E-04
1.56E-04
1.72E-04
1.66E-04
1.85E-04
1.72E-04
1.96E-04
1.76E-04
2.02E-04
1.80E-04
2.12E-04
1.81E-04
2.14E-04
1.80E-04
2.14E-04
1.76E-04
2.15E-04
1.68E-04
2.12E-04
1.58E-04
2.03E-04
1.47E-04
1.96E-04
1.37E-04
1.84E-04
1.26E-04
1.71E-04
1.13E-04
1.62E-04
1.02E-04
1.55E-04
9.42E-05
1.46E-04
8.86E-05
1.36E-04
8.35E-05
1.23E-04
8.08E-05
1.07E-04
7.48E-05
8.96E-05
5.62E-05
7.52E-05
3.23E-05
6.05E-05
2.22E-05
3.52E-05
