5.26E-05
6.81E-05
7.94E-05
1.14E-04
1.36E-04
1.34E-04
1.84E-04
1.46E-04
1.99E-04
1.66E-04
1.86E-04
1.86E-04
1.70E-04
1.95E-04
1.62E-04
1.88E-04
1.60E-04
1.76E-04
1.59E-04
1.67E-04
1.56E-04
1.62E-04
1.52E-04
1.54E-04
1.47E-04
1.49E-04
1.40E-04
1.44E-04
1.32E-04
1.41E-04
1.24E-04
1.40E-04
1.20E-04
1.36E-04
1.21E-04
1.27E-04
1.20E-04
1.26E-04
1.16E-04
1.28E-04
1.13E-04
1.26E-04
1.14E-04
1.22E-04
1.16E-04
1.18E-04
1.16E-04
1.14E-04
1.14E-04
1.12E-04
1.10E-04
1.07E-04
1.05E-04
1.01E-04
9.69E-05
9.64E-05
8.62E-05
9.51E-05
7.69E-05
9.76E-05
7.30E-05
1.05E-04
7.50E-05
1.15E-04
8.10E-05
1.28E-04
8.91E-05
1.44E-04
9.96E-05
1.59E-04
1.12E-04
1.73E-04
1.22E-04
1.86E-04
1.32E-04
1.95E-04
1.44E-04
2.00E-04
1.58E-04
1.99E-04
1.72E-04
1.92E-04
1.84E-04
1.78E-04
1.90E-04
1.61E-04
1.90E-04
1.42E-04
1.83E-04
1.25E-04
1.69E-04
1.15E-04
1.50E-04
1.12E-04
1.28E-04
1.20E-04
1.10E-04
1.40E-04
1.04E-04
1.64E-04
1.19E-04
1.80E-04
1.59E-04
1.73E-04
2.15E-04
1.41E-04
2.72E-04
9.23E-05
3.00E-04
5.99E-05
2.87E-04
7.60E-05
2.57E-04
1.49E-04
2.51E-04
2.47E-04
2.84E-04
3.21E-04
3.39E-04
3.30E-04
3.87E-04
2.91E-04
4.04E-04
2.38E-04
3.96E-04
2.32E-04
3.68E-04
3.28E-04
3.13E-04
5.40E-04
2.30E-04
8.08E-04
1.44E-04
1.12E-03
6.19E-05
1.53E-03
1.54E-05
3.07E-03
4.03E-06
1.66E-02
7.90E-06
2.85E-03
5.35E-05
1.52E-03
1.31E-04
1.09E-03
2.19E-04
7.92E-04
3.00E-04
5.45E-04
3.53E-04
3.58E-04
3.72E-04
2.42E-04
3.73E-04
2.01E-04
3.55E-04
1.96E-04
3.26E-04
2.20E-04
2.96E-04
2.39E-04
2.73E-04
2.29E-04
2.56E-04
1.91E-04
2.47E-04
1.42E-04
2.41E-04
9.63E-05
2.36E-04
7.03E-05
2.22E-04
7.56E-05
1.86E-04
1.06E-04
1.42E-04
1.28E-04
1.26E-04
1.14E-04
