5.88E-05
6.39E-05
8.71E-05
1.05E-04
1.42E-04
1.21E-04
1.84E-04
1.31E-04
1.91E-04
1.48E-04
1.73E-04
1.62E-04
1.54E-04
1.65E-04
1.44E-04
1.57E-04
1.39E-04
1.47E-04
1.34E-04
1.42E-04
1.30E-04
1.39E-04
1.25E-04
1.35E-04
1.22E-04
1.32E-04
1.18E-04
1.30E-04
1.14E-04
1.29E-04
1.13E-04
1.26E-04
1.16E-04
1.20E-04
1.18E-04
1.19E-04
1.15E-04
1.24E-04
1.15E-04
1.23E-04
1.18E-04
1.17E-04
1.19E-04
1.11E-04
1.16E-04
1.06E-04
1.09E-04
1.01E-04
1.01E-04
9.65E-05
9.39E-05
9.24E-05
8.74E-05
9.21E-05
8.21E-05
9.86E-05
8.10E-05
1.11E-04
8.62E-05
1.27E-04
9.52E-05
1.43E-04
1.04E-04
1.58E-04
1.12E-04
1.72E-04
1.20E-04
1.85E-04
1.28E-04
1.94E-04
1.36E-04
2.01E-04
1.42E-04
2.09E-04
1.50E-04
2.12E-04
1.63E-04
2.11E-04
1.77E-04
2.04E-04
1.90E-04
1.91E-04
1.97E-04
1.73E-04
1.95E-04
1.55E-04
1.84E-04
1.38E-04
1.68E-04
1.25E-04
1.46E-04
1.23E-04
1.26E-04
1.30E-04
1.16E-04
1.47E-04
1.29E-04
1.63E-04
1.68E-04
1.64E-04
2.29E-04
1.40E-04
2.90E-04
9.97E-05
3.28E-04
6.74E-05
3.30E-04
7.83E-05
3.01E-04
1.52E-04
2.74E-04
2.54E-04
2.89E-04
3.27E-04
3.44E-04
3.41E-04
3.95E-04
3.16E-04
4.05E-04
2.93E-04
3.78E-04
3.38E-04
3.19E-04
4.95E-04
2.35E-04
7.80E-04
1.44E-04
1.14E-03
6.68E-05
1.59E-03
1.73E-05
2.90E-03
9.76E-06
1.70E-02
1.41E-05
3.13E-03
5.01E-05
1.57E-03
1.27E-04
1.15E-03
2.18E-04
8.21E-04
3.05E-04
5.59E-04
3.61E-04
3.58E-04
3.87E-04
2.42E-04
3.89E-04
1.96E-04
3.72E-04
1.97E-04
3.38E-04
2.23E-04
3.00E-04
2.44E-04
2.64E-04
2.33E-04
2.36E-04
1.96E-04
2.21E-04
1.46E-04
2.19E-04
1.04E-04
2.24E-04
8.50E-05
2.34E-04
9.27E-05
2.43E-04
1.15E-04
2.36E-04
1.46E-04
2.05E-04
1.78E-04
1.59E-04
1.91E-04
1.22E-04
1.77E-04
1.18E-04
1.33E-04
