4.51E-05
6.65E-05
6.85E-05
1.13E-04
1.20E-04
1.34E-04
1.67E-04
1.49E-04
1.86E-04
1.73E-04
1.81E-04
1.97E-04
1.71E-04
2.14E-04
1.67E-04
2.14E-04
1.69E-04
2.05E-04
1.72E-04
2.00E-04
1.74E-04
1.96E-04
1.75E-04
1.87E-04
1.73E-04
1.82E-04
1.67E-04
1.74E-04
1.60E-04
1.64E-04
1.51E-04
1.60E-04
1.41E-04
1.57E-04
1.35E-04
1.48E-04
1.32E-04
1.39E-04
1.27E-04
1.34E-04
1.19E-04
1.32E-04
1.13E-04
1.29E-04
1.09E-04
1.26E-04
1.09E-04
1.22E-04
1.09E-04
1.22E-04
1.08E-04
1.19E-04
1.07E-04
1.16E-04
1.06E-04
1.11E-04
1.04E-04
1.05E-04
9.75E-05
9.80E-05
8.80E-05
9.58E-05
7.79E-05
9.45E-05
6.98E-05
9.71E-05
6.43E-05
1.05E-04
6.31E-05
1.16E-04
6.92E-05
1.29E-04
8.12E-05
1.45E-04
9.72E-05
1.59E-04
1.16E-04
1.71E-04
1.35E-04
1.78E-04
1.53E-04
1.77E-04
1.68E-04
1.68E-04
1.78E-04
1.55E-04
1.81E-04
1.37E-04
1.78E-04
1.17E-04
1.70E-04
1.03E-04
1.58E-04
9.30E-05
1.45E-04
9.19E-05
1.32E-04
1.06E-04
1.18E-04
1.34E-04
1.09E-04
1.69E-04
1.12E-04
1.99E-04
1.32E-04
2.13E-04
1.71E-04
2.01E-04
2.18E-04
1.60E-04
2.57E-04
1.05E-04
2.71E-04
6.61E-05
2.60E-04
7.18E-05
2.41E-04
1.30E-04
2.39E-04
2.18E-04
2.66E-04
2.99E-04
3.07E-04
3.22E-04
3.46E-04
2.77E-04
3.74E-04
2.11E-04
3.83E-04
1.87E-04
3.74E-04
2.20E-04
3.56E-04
3.44E-04
3.03E-04
5.36E-04
2.24E-04
7.70E-04
1.38E-04
1.04E-03
5.90E-05
1.47E-03
9.68E-06
2.78E-03
1.61E-06
1.57E-02
1.34E-05
2.98E-03
5.72E-05
1.47E-03
1.35E-04
1.06E-03
2.14E-04
7.67E-04
2.91E-04
5.39E-04
3.36E-04
3.47E-04
3.52E-04
2.43E-04
3.53E-04
2.04E-04
3.45E-04
2.03E-04
3.27E-04
2.28E-04
3.08E-04
2.57E-04
2.82E-04
2.46E-04
2.52E-04
2.04E-04
2.30E-04
1.38E-04
2.13E-04
8.33E-05
1.89E-04
6.45E-05
1.77E-04
5.60E-05
