8.74E-05
8.00E-05
8.81E-05
1.13E-04
1.02E-04
1.22E-04
1.03E-04
1.23E-04
9.66E-05
1.21E-04
9.82E-05
1.19E-04
1.05E-04
1.21E-04
1.10E-04
1.22E-04
1.14E-04
1.22E-04
1.16E-04
1.22E-04
1.14E-04
1.27E-04
1.11E-04
1.32E-04
1.11E-04
1.35E-04
1.12E-04
1.36E-04
1.15E-04
1.40E-04
1.20E-04
1.48E-04
1.26E-04
1.59E-04
1.32E-04
1.67E-04
1.35E-04
1.75E-04
1.37E-04
1.77E-04
1.39E-04
1.72E-04
1.43E-04
1.63E-04
1.49E-04
1.50E-04
1.59E-04
1.31E-04
1.75E-04
1.12E-04
1.95E-04
9.49E-05
2.23E-04
8.00E-05
2.56E-04
7.19E-05
2.87E-04
7.20E-05
3.15E-04
8.21E-05
3.37E-04
1.15E-04
3.40E-04
1.66E-04
3.36E-04
2.27E-04
3.28E-04
2.99E-04
3.16E-04
3.83E-04
3.03E-04
4.21E-04
3.04E-04
4.78E-04
2.90E-04
5.57E-04
2.64E-04
6.84E-04
2.30E-04
9.77E-04
1.64E-04
1.73E-03
6.29E-05
3.74E-03
1.21E-05
1.56E-02
1.77E-05
4.18E-03
8.70E-05
1.89E-03
1.67E-04
1.17E-03
2.30E-04
8.99E-04
2.88E-04
8.53E-04
3.23E-04
7.73E-04
3.70E-04
6.75E-04
4.54E-04
5.13E-04
5.48E-04
3.21E-04
5.86E-04
1.69E-04
5.63E-04
9.55E-05
4.93E-04
7.45E-05
4.01E-04
8.77E-05
3.10E-04
1.11E-04
2.35E-04
1.30E-04
1.78E-04
1.40E-04
1.39E-04
1.40E-04
1.19E-04
1.36E-04
1.10E-04
1.30E-04
1.11E-04
1.30E-04
1.17E-04
1.32E-04
1.23E-04
1.38E-04
1.30E-04
1.45E-04
1.32E-04
1.49E-04
1.31E-04
1.52E-04
1.29E-04
1.56E-04
1.26E-04
1.56E-04
1.23E-04
1.54E-04
1.21E-04
1.55E-04
1.17E-04
1.52E-04
1.13E-04
1.52E-04
1.10E-04
1.54E-04
1.07E-04
1.55E-04
1.03E-04
1.52E-04
9.99E-05
1.47E-04
9.91E-05
1.33E-04
1.01E-04
1.21E-04
1.06E-04
1.18E-04
1.17E-04
1.20E-04
1.32E-04
1.23E-04
1.52E-04
1.34E-04
1.72E-04
1.42E-04
1.81E-04
1.50E-04
1.69E-04
1.60E-04
1.32E-04
1.68E-04
8.75E-05
1.52E-04
7.52E-05
8.65E-05
