5.93E-05
5.41E-05
8.51E-05
8.76E-05
1.30E-04
1.02E-04
1.59E-04
1.13E-04
1.60E-04
1.27E-04
1.45E-04
1.33E-04
1.32E-04
1.35E-04
1.22E-04
1.31E-04
1.16E-04
1.27E-04
1.10E-04
1.27E-04
1.06E-04
1.27E-04
1.05E-04
1.25E-04
1.04E-04
1.26E-04
1.02E-04
1.24E-04
1.03E-04
1.19E-04
1.08E-04
1.12E-04
1.11E-04
1.11E-04
1.10E-04
1.13E-04
1.11E-04
1.11E-04
1.13E-04
1.02E-04
1.10E-04
9.49E-05
1.03E-04
9.16E-05
9.33E-05
9.06E-05
8.66E-05
9.14E-05
8.40E-05
9.71E-05
8.46E-05
1.06E-04
8.79E-05
1.20E-04
9.36E-05
1.37E-04
1.02E-04
1.53E-04
1.10E-04
1.66E-04
1.17E-04
1.78E-04
1.22E-04
1.88E-04
1.29E-04
1.97E-04
1.35E-04
2.04E-04
1.41E-04
2.10E-04
1.47E-04
2.13E-04
1.55E-04
2.14E-04
1.64E-04
2.10E-04
1.73E-04
2.00E-04
1.81E-04
1.86E-04
1.83E-04
1.69E-04
1.76E-04
1.49E-04
1.64E-04
1.35E-04
1.47E-04
1.28E-04
1.31E-04
1.31E-04
1.26E-04
1.44E-04
1.41E-04
1.55E-04
1.87E-04
1.55E-04
2.57E-04
1.33E-04
3.30E-04
9.51E-05
3.80E-04
6.77E-05
3.86E-04
8.47E-05
3.53E-04
1.64E-04
3.16E-04
2.81E-04
3.05E-04
3.86E-04
3.21E-04
4.15E-04
3.48E-04
3.88E-04
3.51E-04
3.95E-04
3.11E-04
5.10E-04
2.38E-04
7.17E-04
1.63E-04
1.08E-03
8.56E-05
1.59E-03
3.58E-05
3.04E-03
2.61E-05
1.56E-02
3.66E-05
2.80E-03
8.07E-05
1.53E-03
1.69E-04
1.07E-03
2.65E-04
7.61E-04
3.47E-04
5.08E-04
3.95E-04
3.20E-04
4.00E-04
2.16E-04
3.88E-04
1.96E-04
3.58E-04
2.11E-04
3.17E-04
2.54E-04
2.78E-04
2.85E-04
2.46E-04
2.74E-04
2.23E-04
2.26E-04
2.14E-04
1.65E-04
2.14E-04
1.09E-04
2.18E-04
7.92E-05
2.23E-04
8.23E-05
2.27E-04
1.09E-04
2.24E-04
1.46E-04
2.19E-04
1.80E-04
2.11E-04
2.00E-04
1.94E-04
2.11E-04
1.71E-04
2.06E-04
1.43E-04
1.86E-04
1.15E-04
1.59E-04
1.08E-04
1.18E-04
