1.26E-05
1.90E-05
1.70E-05
3.20E-05
2.90E-05
4.02E-05
3.83E-05
4.78E-05
4.12E-05
5.83E-05
4.33E-05
6.70E-05
4.90E-05
7.56E-05
5.52E-05
8.50E-05
6.06E-05
9.42E-05
6.62E-05
1.04E-04
7.28E-05
1.14E-04
8.06E-05
1.23E-04
8.83E-05
1.34E-04
9.50E-05
1.44E-04
1.03E-04
1.52E-04
1.11E-04
1.62E-04
1.20E-04
1.73E-04
1.29E-04
1.79E-04
1.37E-04
1.91E-04
1.43E-04
1.99E-04
1.48E-04
2.02E-04
1.51E-04
2.05E-04
1.55E-04
2.06E-04
1.57E-04
1.99E-04
1.57E-04
2.01E-04
1.55E-04
1.97E-04
1.51E-04
1.88E-04
1.46E-04
1.82E-04
1.40E-04
1.76E-04
1.32E-04
1.64E-04
1.25E-04
1.60E-04
1.16E-04
1.53E-04
1.09E-04
1.43E-04
1.04E-04
1.37E-04
1.01E-04
1.32E-04
9.77E-05
1.25E-04
9.47E-05
1.25E-04
8.98E-05
1.25E-04
8.52E-05
1.28E-04
8.29E-05
1.37E-04
8.47E-05
1.48E-04
9.23E-05
1.56E-04
1.03E-04
1.68E-04
1.12E-04
1.72E-04
1.21E-04
1.72E-04
1.25E-04
1.72E-04
1.27E-04
1.65E-04
1.30E-04
1.48E-04
1.34E-04
1.31E-04
1.33E-04
1.10E-04
1.27E-04
8.98E-05
1.18E-04
7.78E-05
1.08E-04
7.17E-05
9.80E-05
7.21E-05
9.36E-05
7.96E-05
9.70E-05
9.08E-05
1.10E-04
1.03E-04
1.26E-04
1.15E-04
1.35E-04
1.26E-04
1.33E-04
1.39E-04
1.21E-04
1.53E-04
1.11E-04
1.65E-04
1.12E-04
1.76E-04
1.23E-04
1.84E-04
1.38E-04
1.90E-04
1.52E-04
1.90E-04
1.61E-04
1.86E-04
1.68E-04
1.68E-04
1.77E-04
1.37E-04
1.85E-04
1.02E-04
1.90E-04
7.20E-05
1.94E-04
6.15E-05
2.02E-04
8.39E-05
2.12E-04
1.28E-04
2.31E-04
1.78E-04
2.57E-04
2.15E-04
2.84E-04
2.28E-04
3.08E-04
2.04E-04
3.31E-04
1.92E-04
3.34E-04
2.01E-04
3.26E-04
2.45E-04
3.09E-04
3.52E-04
2.70E-04
5.41E-04
2.04E-04
7.43E-04
1.44E-04
1.02E-03
6.96E-05
1.43E-03
2.21E-05
2.83E-03
1.56E-05
1.46E-02
7.07E-05
2.68E-03
2.35E-04
1.11E-03
