2.52E-05
4.18E-05
3.85E-05
7.13E-05
6.92E-05
8.72E-05
9.26E-05
1.02E-04
1.02E-04
1.21E-04
1.09E-04
1.37E-04
1.16E-04
1.54E-04
1.21E-04
1.70E-04
1.28E-04
1.80E-04
1.37E-04
1.89E-04
1.48E-04
1.98E-04
1.59E-04
2.06E-04
1.69E-04
2.16E-04
1.79E-04
2.22E-04
1.88E-04
2.26E-04
1.96E-04
2.31E-04
2.02E-04
2.34E-04
2.05E-04
2.34E-04
2.03E-04
2.36E-04
2.00E-04
2.32E-04
1.98E-04
2.22E-04
1.94E-04
2.12E-04
1.86E-04
2.05E-04
1.74E-04
1.96E-04
1.63E-04
1.90E-04
1.52E-04
1.80E-04
1.42E-04
1.68E-04
1.34E-04
1.58E-04
1.26E-04
1.50E-04
1.19E-04
1.41E-04
1.16E-04
1.34E-04
1.16E-04
1.27E-04
1.17E-04
1.21E-04
1.17E-04
1.18E-04
1.18E-04
1.16E-04
1.18E-04
1.13E-04
1.14E-04
1.13E-04
1.05E-04
1.13E-04
9.16E-05
1.14E-04
7.93E-05
1.15E-04
7.06E-05
1.17E-04
6.64E-05
1.19E-04
6.78E-05
1.23E-04
7.64E-05
1.24E-04
9.22E-05
1.24E-04
1.12E-04
1.21E-04
1.32E-04
1.14E-04
1.47E-04
1.01E-04
1.52E-04
8.92E-05
1.48E-04
8.16E-05
1.43E-04
8.24E-05
1.45E-04
9.39E-05
1.58E-04
1.15E-04
1.83E-04
1.42E-04
2.07E-04
1.70E-04
2.17E-04
1.99E-04
2.07E-04
2.27E-04
1.88E-04
2.47E-04
1.76E-04
2.56E-04
1.84E-04
2.50E-04
2.06E-04
2.29E-04
2.27E-04
1.94E-04
2.34E-04
1.50E-04
2.27E-04
1.11E-04
2.17E-04
8.63E-05
2.14E-04
8.21E-05
2.19E-04
1.04E-04
2.28E-04
1.44E-04
2.45E-04
1.92E-04
2.70E-04
2.29E-04
3.01E-04
2.44E-04
3.35E-04
2.28E-04
3.66E-04
2.07E-04
3.83E-04
2.05E-04
3.83E-04
2.44E-04
3.61E-04
3.50E-04
3.07E-04
5.43E-04
2.21E-04
7.92E-04
1.32E-04
1.11E-03
5.24E-05
1.53E-03
1.34E-05
3.07E-03
7.10E-06
1.66E-02
1.40E-05
2.85E-03
5.99E-05
1.54E-03
1.42E-04
1.09E-03
2.34E-04
7.69E-04
2.79E-04
5.36E-04
2.57E-04
3.72E-04
2.59E-04
2.29E-04
3.79E-04
1.40E-04
