1.77E-05
3.16E-05
2.68E-05
5.39E-05
4.90E-05
6.61E-05
6.49E-05
7.79E-05
6.88E-05
9.53E-05
7.14E-05
1.09E-04
7.90E-05
1.24E-04
8.71E-05
1.38E-04
9.51E-05
1.49E-04
1.04E-04
1.63E-04
1.13E-04
1.77E-04
1.24E-04
1.87E-04
1.35E-04
2.03E-04
1.45E-04
2.15E-04
1.57E-04
2.23E-04
1.69E-04
2.35E-04
1.81E-04
2.47E-04
1.91E-04
2.51E-04
1.99E-04
2.64E-04
2.02E-04
2.68E-04
2.05E-04
2.63E-04
2.07E-04
2.59E-04
2.07E-04
2.54E-04
2.01E-04
2.40E-04
1.94E-04
2.37E-04
1.83E-04
2.25E-04
1.71E-04
2.06E-04
1.59E-04
1.92E-04
1.46E-04
1.80E-04
1.32E-04
1.63E-04
1.20E-04
1.55E-04
1.09E-04
1.43E-04
1.02E-04
1.29E-04
9.74E-05
1.20E-04
9.39E-05
1.15E-04
9.13E-05
1.08E-04
9.03E-05
1.09E-04
8.79E-05
1.10E-04
8.53E-05
1.15E-04
8.42E-05
1.23E-04
8.53E-05
1.31E-04
8.81E-05
1.34E-04
8.93E-05
1.42E-04
8.89E-05
1.43E-04
8.96E-05
1.41E-04
9.31E-05
1.40E-04
1.02E-04
1.36E-04
1.16E-04
1.24E-04
1.30E-04
1.13E-04
1.38E-04
9.99E-05
1.35E-04
8.85E-05
1.30E-04
8.49E-05
1.27E-04
8.88E-05
1.31E-04
1.01E-04
1.46E-04
1.16E-04
1.63E-04
1.34E-04
1.75E-04
1.54E-04
1.71E-04
1.75E-04
1.54E-04
1.94E-04
1.38E-04
2.09E-04
1.34E-04
2.20E-04
1.47E-04
2.22E-04
1.72E-04
2.13E-04
1.93E-04
1.96E-04
2.03E-04
1.73E-04
2.04E-04
1.40E-04
2.03E-04
1.09E-04
2.02E-04
8.37E-05
2.03E-04
7.51E-05
2.06E-04
9.50E-05
2.11E-04
1.41E-04
2.24E-04
1.93E-04
2.50E-04
2.41E-04
2.78E-04
2.54E-04
3.11E-04
2.30E-04
3.44E-04
2.01E-04
3.67E-04
1.99E-04
3.71E-04
2.19E-04
3.69E-04
3.23E-04
3.24E-04
4.98E-04
2.50E-04
7.19E-04
1.67E-04
9.87E-04
8.22E-05
1.43E-03
2.79E-05
2.72E-03
1.01E-05
1.46E-02
2.48E-05
2.92E-03
7.06E-05
1.43E-03
1.02E-04
1.02E-03
1.60E-04
7.13E-04
4.02E-04
4.05E-04
