6.01E-05
4.35E-05
7.95E-05
7.14E-05
1.12E-04
8.95E-05
1.34E-04
1.05E-04
1.38E-04
1.19E-04
1.31E-04
1.23E-04
1.21E-04
1.24E-04
1.11E-04
1.23E-04
1.04E-04
1.23E-04
1.02E-04
1.24E-04
1.03E-04
1.25E-04
1.05E-04
1.25E-04
1.06E-04
1.23E-04
1.08E-04
1.16E-04
1.14E-04
1.08E-04
1.15E-04
1.06E-04
1.10E-04
1.07E-04
1.07E-04
1.02E-04
1.05E-04
9.65E-05
1.01E-04
9.36E-05
9.52E-05
9.52E-05
9.10E-05
1.02E-04
9.10E-05
1.11E-04
9.59E-05
1.22E-04
1.03E-04
1.36E-04
1.10E-04
1.50E-04
1.17E-04
1.64E-04
1.24E-04
1.76E-04
1.29E-04
1.86E-04
1.34E-04
1.95E-04
1.39E-04
2.05E-04
1.45E-04
2.11E-04
1.53E-04
2.15E-04
1.59E-04
2.17E-04
1.64E-04
2.17E-04
1.69E-04
2.12E-04
1.73E-04
2.04E-04
1.75E-04
1.91E-04
1.74E-04
1.74E-04
1.68E-04
1.57E-04
1.58E-04
1.44E-04
1.45E-04
1.37E-04
1.38E-04
1.40E-04
1.44E-04
1.47E-04
1.78E-04
1.52E-04
2.41E-04
1.41E-04
3.25E-04
1.12E-04
4.12E-04
7.70E-05
4.73E-04
6.71E-05
4.81E-04
1.14E-04
4.39E-04
2.27E-04
3.75E-04
3.73E-04
3.29E-04
5.03E-04
3.20E-04
5.60E-04
3.20E-04
5.65E-04
2.85E-04
6.01E-04
2.20E-04
7.64E-04
1.50E-04
1.12E-03
8.11E-05
1.78E-03
2.85E-05
3.20E-03
3.48E-05
1.62E-02
6.02E-05
3.29E-03
1.13E-04
1.68E-03
2.23E-04
1.12E-03
3.10E-04
7.40E-04
3.71E-04
4.94E-04
3.92E-04
3.32E-04
3.84E-04
2.66E-04
3.64E-04
2.64E-04
3.38E-04
2.91E-04
3.08E-04
3.23E-04
2.84E-04
3.37E-04
2.66E-04
3.02E-04
2.53E-04
2.37E-04
2.47E-04
1.62E-04
2.45E-04
1.02E-04
2.44E-04
7.56E-05
2.44E-04
8.56E-05
2.42E-04
1.19E-04
2.37E-04
1.63E-04
2.27E-04
2.03E-04
2.10E-04
2.29E-04
1.90E-04
2.37E-04
1.72E-04
2.32E-04
1.59E-04
2.23E-04
1.54E-04
2.06E-04
1.50E-04
1.79E-04
1.36E-04
1.52E-04
1.13E-04
1.29E-04
1.04E-04
9.81E-05
