3.76E-04
3.14E-04
1.73E-04
5.18E-04
1.30E-04
7.23E-04
1.27E-04
8.98E-04
6.89E-05
1.38E-03
1.22E-05
3.02E-03
6.25E-06
1.71E-02
1.17E-05
3.23E-03
5.83E-05
1.39E-03
1.17E-04
9.37E-04
1.70E-04
7.18E-04
2.28E-04
5.76E-04
2.80E-04
4.34E-04
3.21E-04
3.17E-04
3.48E-04
2.20E-04
3.57E-04
1.43E-04
3.44E-04
9.01E-05
3.17E-04
6.63E-05
2.80E-04
6.52E-05
2.37E-04
8.75E-05
1.95E-04
1.26E-04
1.59E-04
1.66E-04
1.33E-04
1.92E-04
1.19E-04
1.94E-04
1.15E-04
1.70E-04
1.16E-04
1.34E-04
1.17E-04
1.03E-04
1.18E-04
8.73E-05
1.24E-04
8.84E-05
1.39E-04
1.05E-04
1.62E-04
1.25E-04
1.81E-04
1.43E-04
1.86E-04
1.59E-04
1.81E-04
1.73E-04
1.82E-04
1.81E-04
1.95E-04
1.80E-04
2.10E-04
1.70E-04
2.15E-04
1.60E-04
2.04E-04
1.54E-04
1.82E-04
1.51E-04
1.53E-04
1.46E-04
1.23E-04
1.36E-04
1.00E-04
1.20E-04
8.97E-05
9.86E-05
9.53E-05
7.80E-05
1.14E-04
6.74E-05
1.38E-04
6.78E-05
1.61E-04
7.97E-05
1.76E-04
9.63E-05
1.83E-04
1.12E-04
1.82E-04
1.26E-04
1.73E-04
1.37E-04
1.57E-04
1.43E-04
1.35E-04
1.49E-04
1.13E-04
1.51E-04
9.70E-05
1.48E-04
8.79E-05
1.43E-04
8.51E-05
1.38E-04
8.64E-05
1.31E-04
9.11E-05
1.27E-04
9.89E-05
1.24E-04
1.08E-04
1.25E-04
1.18E-04
1.28E-04
1.27E-04
1.34E-04
1.34E-04
1.42E-04
1.40E-04
1.55E-04
1.49E-04
1.65E-04
1.60E-04
1.73E-04
1.70E-04
1.84E-04
1.76E-04
1.95E-04
1.80E-04
2.02E-04
1.83E-04
2.11E-04
1.84E-04
2.13E-04
1.83E-04
2.13E-04
1.78E-04
2.13E-04
1.70E-04
2.09E-04
1.60E-04
2.01E-04
1.49E-04
1.93E-04
1.38E-04
1.81E-04
1.27E-04
1.69E-04
1.15E-04
1.60E-04
1.04E-04
1.54E-04
9.60E-05
1.45E-04
9.02E-05
1.35E-04
8.51E-05
1.23E-04
8.27E-05
1.07E-04
7.67E-05
8.91E-05
5.75E-05
7.50E-05
3.28E-05
6.03E-05
2.25E-05
3.50E-05
