9.00E-05
9.25E-05
8.62E-05
1.23E-04
1.06E-04
1.27E-04
1.29E-04
1.19E-04
1.43E-04
1.02E-04
1.51E-04
8.78E-05
1.55E-04
8.78E-05
1.60E-04
1.04E-04
1.59E-04
1.32E-04
1.49E-04
1.63E-04
1.37E-04
1.85E-04
1.34E-04
1.89E-04
1.48E-04
1.73E-04
1.80E-04
1.43E-04
2.25E-04
1.08E-04
2.75E-04
7.93E-05
3.23E-04
6.74E-05
3.59E-04
8.06E-05
3.76E-04
1.26E-04
3.69E-04
2.05E-04
3.39E-04
3.18E-04
2.92E-04
4.57E-04
2.34E-04
6.14E-04
1.73E-04
7.91E-04
1.16E-04
1.03E-03
6.50E-05
1.46E-03
2.84E-05
3.34E-03
2.97E-05
1.84E-02
3.40E-05
3.07E-03
7.91E-05
1.46E-03
1.35E-04
1.04E-03
1.94E-04
8.14E-04
2.56E-04
6.00E-04
3.15E-04
3.93E-04
3.60E-04
2.34E-04
3.80E-04
1.63E-04
3.69E-04
1.75E-04
3.34E-04
2.15E-04
2.92E-04
2.26E-04
2.61E-04
1.89E-04
2.53E-04
1.30E-04
2.56E-04
8.44E-05
2.49E-04
7.59E-05
2.18E-04
9.79E-05
1.71E-04
1.29E-04
1.26E-04
1.51E-04
9.66E-05
1.53E-04
8.72E-05
1.40E-04
9.58E-05
1.20E-04
1.14E-04
1.07E-04
1.35E-04
1.04E-04
1.54E-04
1.11E-04
1.68E-04
1.25E-04
1.72E-04
1.46E-04
1.70E-04
1.69E-04
1.63E-04
1.87E-04
1.55E-04
1.97E-04
1.45E-04
2.00E-04
1.37E-04
1.96E-04
1.29E-04
1.88E-04
1.22E-04
1.77E-04
1.14E-04
1.65E-04
1.04E-04
1.51E-04
9.42E-05
1.36E-04
8.51E-05
1.21E-04
7.80E-05
1.08E-04
7.42E-05
9.85E-05
7.52E-05
9.38E-05
8.11E-05
9.42E-05
9.06E-05
9.72E-05
9.99E-05
1.01E-04
1.05E-04
1.07E-04
1.07E-04
1.14E-04
1.10E-04
1.16E-04
1.13E-04
1.17E-04
1.13E-04
1.21E-04
1.12E-04
1.23E-04
1.11E-04
1.24E-04
1.09E-04
1.27E-04
1.10E-04
1.35E-04
1.16E-04
1.46E-04
1.29E-04
1.60E-04
1.53E-04
1.75E-04
1.88E-04
1.91E-04
2.27E-04
2.05E-04
2.56E-04
2.10E-04
2.53E-04
2.02E-04
2.08E-04
1.85E-04
1.48E-04
1.49E-04
1.23E-04
7.73E-05
