7.79E-05
5.45E-05
8.55E-05
1.05E-04
1.13E-04
1.33E-04
1.28E-04
1.48E-04
1.22E-04
1.52E-04
1.13E-04
1.46E-04
1.10E-04
1.37E-04
1.08E-04
1.28E-04
1.02E-04
1.20E-04
9.70E-05
1.13E-04
9.72E-05
1.05E-04
1.01E-04
9.90E-05
1.00E-04
1.01E-04
9.58E-05
1.07E-04
9.43E-05
1.13E-04
9.71E-05
1.18E-04
9.97E-05
1.24E-04
1.01E-04
1.28E-04
1.01E-04
1.30E-04
1.02E-04
1.28E-04
1.04E-04
1.24E-04
1.06E-04
1.22E-04
1.08E-04
1.20E-04
1.09E-04
1.16E-04
1.10E-04
1.12E-04
1.10E-04
1.09E-04
1.09E-04
1.08E-04
1.07E-04
1.09E-04
1.05E-04
1.10E-04
1.04E-04
1.08E-04
1.05E-04
1.07E-04
1.07E-04
1.08E-04
1.15E-04
1.14E-04
1.31E-04
1.25E-04
1.59E-04
1.37E-04
2.04E-04
1.44E-04
2.69E-04
1.40E-04
3.49E-04
1.21E-04
4.36E-04
9.32E-05
5.15E-04
7.37E-05
5.64E-04
9.05E-05
5.70E-04
1.67E-04
5.38E-04
3.19E-04
4.75E-04
5.22E-04
4.09E-04
7.31E-04
3.46E-04
8.66E-04
3.04E-04
9.55E-04
2.65E-04
1.06E-03
2.01E-04
1.39E-03
9.46E-05
2.25E-03
1.33E-05
5.21E-03
6.86E-06
2.14E-02
2.33E-05
4.74E-03
1.22E-04
2.12E-03
2.09E-04
1.28E-03
2.76E-04
9.44E-04
3.23E-04
8.04E-04
3.50E-04
7.18E-04
3.69E-04
6.30E-04
4.00E-04
5.21E-04
4.35E-04
3.73E-04
4.66E-04
2.39E-04
4.80E-04
1.39E-04
4.71E-04
8.44E-05
4.34E-04
6.71E-05
3.83E-04
7.68E-05
3.29E-04
9.87E-05
2.80E-04
1.25E-04
2.43E-04
1.51E-04
2.18E-04
1.73E-04
2.00E-04
1.89E-04
1.82E-04
1.99E-04
1.64E-04
2.01E-04
1.45E-04
1.94E-04
1.29E-04
1.82E-04
1.20E-04
1.67E-04
1.19E-04
1.49E-04
1.21E-04
1.32E-04
1.21E-04
1.17E-04
1.18E-04
1.06E-04
1.13E-04
9.82E-05
1.10E-04
9.39E-05
1.09E-04
9.11E-05
1.09E-04
8.92E-05
1.10E-04
8.66E-05
1.11E-04
8.26E-05
1.02E-04
8.22E-05
8.57E-05
8.28E-05
7.10E-05
7.28E-05
7.20E-05
4.19E-05
