5.84E-05
5.34E-05
8.39E-05
8.69E-05
1.27E-04
1.01E-04
1.54E-04
1.14E-04
1.54E-04
1.28E-04
1.40E-04
1.33E-04
1.27E-04
1.36E-04
1.18E-04
1.31E-04
1.12E-04
1.27E-04
1.06E-04
1.27E-04
1.02E-04
1.27E-04
1.01E-04
1.25E-04
1.00E-04
1.26E-04
9.85E-05
1.24E-04
9.98E-05
1.18E-04
1.05E-04
1.12E-04
1.07E-04
1.11E-04
1.06E-04
1.11E-04
1.07E-04
1.10E-04
1.09E-04
1.02E-04
1.07E-04
9.39E-05
9.92E-05
9.12E-05
9.01E-05
9.06E-05
8.40E-05
9.12E-05
8.18E-05
9.77E-05
8.25E-05
1.06E-04
8.59E-05
1.20E-04
9.16E-05
1.37E-04
9.91E-05
1.54E-04
1.08E-04
1.65E-04
1.14E-04
1.78E-04
1.19E-04
1.87E-04
1.25E-04
1.94E-04
1.32E-04
2.02E-04
1.37E-04
2.08E-04
1.42E-04
2.09E-04
1.50E-04
2.11E-04
1.58E-04
2.07E-04
1.67E-04
1.95E-04
1.74E-04
1.82E-04
1.77E-04
1.65E-04
1.70E-04
1.46E-04
1.59E-04
1.32E-04
1.43E-04
1.26E-04
1.28E-04
1.29E-04
1.24E-04
1.42E-04
1.39E-04
1.52E-04
1.85E-04
1.52E-04
2.54E-04
1.30E-04
3.24E-04
9.27E-05
3.73E-04
6.67E-05
3.78E-04
8.55E-05
3.45E-04
1.67E-04
3.08E-04
2.78E-04
2.99E-04
3.81E-04
3.15E-04
4.08E-04
3.41E-04
3.73E-04
3.47E-04
3.77E-04
3.11E-04
4.96E-04
2.39E-04
6.85E-04
1.72E-04
1.03E-03
9.38E-05
1.53E-03
4.20E-05
2.91E-03
2.56E-05
1.45E-02
4.44E-05
2.71E-03
9.30E-05
1.46E-03
1.82E-04
1.00E-03
2.72E-04
7.24E-04
3.51E-04
4.92E-04
3.96E-04
3.07E-04
3.94E-04
2.03E-04
3.82E-04
1.89E-04
3.50E-04
1.99E-04
3.09E-04
2.43E-04
2.71E-04
2.78E-04
2.40E-04
2.68E-04
2.17E-04
2.21E-04
2.08E-04
1.64E-04
2.08E-04
1.08E-04
2.12E-04
7.83E-05
2.17E-04
8.09E-05
2.21E-04
1.07E-04
2.18E-04
1.43E-04
2.14E-04
1.77E-04
2.07E-04
1.96E-04
1.90E-04
2.08E-04
1.68E-04
2.04E-04
1.41E-04
1.84E-04
1.14E-04
1.58E-04
1.07E-04
1.18E-04
