1.23E-04
1.07E-04
1.18E-04
1.50E-04
1.34E-04
1.63E-04
1.50E-04
1.64E-04
1.54E-04
1.66E-04
1.52E-04
1.68E-04
1.50E-04
1.69E-04
1.49E-04
1.68E-04
1.43E-04
1.69E-04
1.32E-04
1.70E-04
1.23E-04
1.64E-04
1.16E-04
1.52E-04
1.10E-04
1.41E-04
1.05E-04
1.31E-04
1.05E-04
1.18E-04
1.11E-04
1.06E-04
1.24E-04
9.44E-05
1.41E-04
8.52E-05
1.58E-04
8.80E-05
1.70E-04
1.02E-04
1.77E-04
1.26E-04
1.80E-04
1.58E-04
1.83E-04
1.88E-04
1.90E-04
2.03E-04
2.10E-04
2.08E-04
2.41E-04
1.98E-04
2.82E-04
1.74E-04
3.28E-04
1.58E-04
3.64E-04
1.73E-04
3.79E-04
2.12E-04
3.76E-04
3.15E-04
3.30E-04
4.81E-04
2.53E-04
7.00E-04
1.66E-04
9.92E-04
7.86E-05
1.49E-03
3.39E-05
2.86E-03
1.92E-05
1.57E-02
2.42E-05
3.12E-03
7.63E-05
1.59E-03
1.50E-04
1.02E-03
2.18E-04
6.80E-04
2.79E-04
5.47E-04
3.01E-04
4.99E-04
2.91E-04
5.07E-04
2.90E-04
4.58E-04
3.36E-04
3.40E-04
3.98E-04
1.99E-04
4.42E-04
1.05E-04
4.35E-04
6.87E-05
3.78E-04
8.44E-05
2.97E-04
1.16E-04
2.21E-04
1.38E-04
1.65E-04
1.40E-04
1.35E-04
1.30E-04
1.29E-04
1.24E-04
1.34E-04
1.26E-04
1.44E-04
1.39E-04
1.51E-04
1.58E-04
1.54E-04
1.76E-04
1.58E-04
1.92E-04
1.59E-04
2.01E-04
1.58E-04
2.08E-04
1.56E-04
2.14E-04
1.53E-04
2.14E-04
1.49E-04
2.11E-04
1.45E-04
2.10E-04
1.41E-04
2.06E-04
1.37E-04
2.01E-04
1.33E-04
1.96E-04
1.28E-04
1.86E-04
1.22E-04
1.71E-04
1.14E-04
1.58E-04
1.06E-04
1.45E-04
9.75E-05
1.31E-04
8.97E-05
1.18E-04
8.54E-05
1.08E-04
8.80E-05
9.69E-05
9.55E-05
9.48E-05
1.05E-04
1.00E-04
1.14E-04
1.08E-04
1.23E-04
1.13E-04
1.28E-04
1.13E-04
1.26E-04
1.06E-04
1.16E-04
1.05E-04
1.03E-04
1.10E-04
9.68E-05
1.19E-04
9.59E-05
1.26E-04
8.77E-05
1.27E-04
7.47E-05
1.09E-04
8.04E-05
6.88E-05
