7.41E-05
5.09E-05
8.58E-05
9.99E-05
1.16E-04
1.32E-04
1.33E-04
1.53E-04
1.29E-04
1.63E-04
1.15E-04
1.58E-04
1.07E-04
1.51E-04
1.07E-04
1.40E-04
1.08E-04
1.35E-04
1.07E-04
1.36E-04
1.07E-04
1.32E-04
1.12E-04
1.20E-04
1.16E-04
1.13E-04
1.13E-04
1.10E-04
1.05E-04
1.13E-04
9.98E-05
1.16E-04
9.94E-05
1.21E-04
1.01E-04
1.29E-04
1.04E-04
1.41E-04
1.06E-04
1.49E-04
1.10E-04
1.53E-04
1.13E-04
1.59E-04
1.17E-04
1.63E-04
1.20E-04
1.63E-04
1.25E-04
1.66E-04
1.28E-04
1.63E-04
1.30E-04
1.59E-04
1.31E-04
1.58E-04
1.31E-04
1.60E-04
1.31E-04
1.56E-04
1.32E-04
1.53E-04
1.29E-04
1.46E-04
1.24E-04
1.35E-04
1.19E-04
1.27E-04
1.16E-04
1.21E-04
1.15E-04
1.18E-04
1.24E-04
1.22E-04
1.43E-04
1.28E-04
1.81E-04
1.33E-04
2.40E-04
1.29E-04
3.17E-04
1.13E-04
4.07E-04
8.91E-05
4.95E-04
7.45E-05
5.54E-04
9.21E-05
5.72E-04
1.70E-04
5.30E-04
3.16E-04
4.49E-04
5.16E-04
3.73E-04
6.64E-04
3.38E-04
7.74E-04
3.00E-04
8.28E-04
2.46E-04
8.91E-04
1.79E-04
1.16E-03
1.04E-04
1.94E-03
2.34E-05
4.13E-03
8.01E-06
1.58E-02
4.71E-05
4.20E-03
1.45E-04
1.86E-03
2.25E-04
1.11E-03
2.71E-04
7.72E-04
3.20E-04
6.34E-04
3.40E-04
5.27E-04
3.47E-04
4.88E-04
3.58E-04
4.52E-04
3.73E-04
3.81E-04
3.81E-04
2.98E-04
3.90E-04
2.29E-04
3.87E-04
1.53E-04
3.65E-04
9.83E-05
3.34E-04
6.67E-05
3.02E-04
5.95E-05
2.73E-04
7.54E-05
2.55E-04
1.13E-04
2.45E-04
1.56E-04
2.35E-04
1.99E-04
2.23E-04
2.32E-04
2.08E-04
2.49E-04
1.91E-04
2.52E-04
1.75E-04
2.46E-04
1.63E-04
2.32E-04
1.53E-04
2.12E-04
1.47E-04
1.90E-04
1.47E-04
1.71E-04
1.49E-04
1.52E-04
1.47E-04
1.33E-04
1.38E-04
1.16E-04
1.19E-04
1.02E-04
9.53E-05
9.09E-05
7.69E-05
7.96E-05
6.74E-05
6.45E-05
6.82E-05
4.76E-05
