2.48E-05
4.21E-05
3.78E-05
7.17E-05
6.80E-05
8.77E-05
9.09E-05
1.03E-04
1.00E-04
1.22E-04
1.07E-04
1.37E-04
1.15E-04
1.55E-04
1.19E-04
1.71E-04
1.26E-04
1.82E-04
1.35E-04
1.90E-04
1.46E-04
2.00E-04
1.57E-04
2.07E-04
1.66E-04
2.18E-04
1.76E-04
2.24E-04
1.85E-04
2.27E-04
1.93E-04
2.31E-04
1.98E-04
2.35E-04
2.00E-04
2.33E-04
1.99E-04
2.36E-04
1.95E-04
2.32E-04
1.93E-04
2.21E-04
1.89E-04
2.10E-04
1.81E-04
2.04E-04
1.69E-04
1.94E-04
1.58E-04
1.89E-04
1.47E-04
1.79E-04
1.38E-04
1.66E-04
1.30E-04
1.56E-04
1.22E-04
1.49E-04
1.15E-04
1.39E-04
1.13E-04
1.34E-04
1.13E-04
1.26E-04
1.14E-04
1.20E-04
1.14E-04
1.17E-04
1.15E-04
1.15E-04
1.14E-04
1.12E-04
1.11E-04
1.13E-04
1.02E-04
1.12E-04
8.87E-05
1.13E-04
7.69E-05
1.14E-04
6.85E-05
1.16E-04
6.46E-05
1.18E-04
6.63E-05
1.22E-04
7.49E-05
1.23E-04
9.06E-05
1.22E-04
1.10E-04
1.19E-04
1.29E-04
1.11E-04
1.43E-04
9.90E-05
1.48E-04
8.76E-05
1.45E-04
8.08E-05
1.40E-04
8.24E-05
1.42E-04
9.43E-05
1.56E-04
1.15E-04
1.82E-04
1.43E-04
2.06E-04
1.70E-04
2.15E-04
1.98E-04
2.05E-04
2.26E-04
1.86E-04
2.46E-04
1.75E-04
2.55E-04
1.83E-04
2.48E-04
2.04E-04
2.27E-04
2.24E-04
1.91E-04
2.30E-04
1.48E-04
2.23E-04
1.09E-04
2.14E-04
8.55E-05
2.10E-04
8.14E-05
2.16E-04
1.04E-04
2.25E-04
1.44E-04
2.41E-04
1.90E-04
2.66E-04
2.26E-04
2.96E-04
2.42E-04
3.29E-04
2.22E-04
3.62E-04
2.03E-04
3.78E-04
2.01E-04
3.78E-04
2.38E-04
3.59E-04
3.41E-04
3.07E-04
5.36E-04
2.22E-04
7.71E-04
1.37E-04
1.07E-03
5.69E-05
1.49E-03
1.58E-05
2.99E-03
7.02E-06
1.58E-02
1.69E-05
2.79E-03
6.59E-05
1.50E-03
1.49E-04
1.05E-03
2.37E-04
7.47E-04
2.80E-04
5.26E-04
2.59E-04
3.64E-04
2.59E-04
2.23E-04
3.78E-04
1.38E-04
