3.96E-05
6.07E-05
5.95E-05
1.04E-04
1.04E-04
1.25E-04
1.43E-04
1.41E-04
1.61E-04
1.64E-04
1.64E-04
1.88E-04
1.60E-04
2.09E-04
1.60E-04
2.17E-04
1.66E-04
2.17E-04
1.73E-04
2.18E-04
1.81E-04
2.18E-04
1.89E-04
2.14E-04
1.94E-04
2.12E-04
1.94E-04
2.07E-04
1.91E-04
1.99E-04
1.85E-04
1.93E-04
1.76E-04
1.87E-04
1.67E-04
1.78E-04
1.60E-04
1.69E-04
1.56E-04
1.57E-04
1.48E-04
1.50E-04
1.36E-04
1.47E-04
1.25E-04
1.44E-04
1.18E-04
1.37E-04
1.14E-04
1.32E-04
1.12E-04
1.27E-04
1.10E-04
1.23E-04
1.08E-04
1.20E-04
1.08E-04
1.16E-04
1.10E-04
1.10E-04
1.09E-04
1.06E-04
1.04E-04
1.00E-04
9.62E-05
9.56E-05
8.67E-05
9.35E-05
7.57E-05
9.39E-05
6.50E-05
9.76E-05
5.83E-05
1.07E-04
5.98E-05
1.20E-04
7.08E-05
1.36E-04
8.93E-05
1.52E-04
1.13E-04
1.62E-04
1.38E-04
1.64E-04
1.60E-04
1.59E-04
1.76E-04
1.45E-04
1.84E-04
1.25E-04
1.82E-04
1.08E-04
1.72E-04
9.16E-05
1.59E-04
8.01E-05
1.48E-04
7.97E-05
1.39E-04
9.44E-05
1.35E-04
1.26E-04
1.36E-04
1.67E-04
1.43E-04
2.08E-04
1.56E-04
2.41E-04
1.75E-04
2.55E-04
2.01E-04
2.39E-04
2.35E-04
1.96E-04
2.64E-04
1.40E-04
2.75E-04
9.04E-05
2.63E-04
7.16E-05
2.43E-04
1.02E-04
2.36E-04
1.70E-04
2.51E-04
2.40E-04
2.82E-04
2.77E-04
3.14E-04
2.70E-04
3.39E-04
2.27E-04
3.60E-04
1.95E-04
3.68E-04
1.97E-04
3.64E-04
2.47E-04
3.43E-04
3.58E-04
2.93E-04
5.48E-04
2.13E-04
7.89E-04
1.28E-04
1.10E-03
5.04E-05
1.52E-03
9.19E-06
3.07E-03
1.01E-06
1.66E-02
5.77E-06
2.84E-03
4.99E-05
1.51E-03
1.25E-04
1.08E-03
2.11E-04
7.87E-04
2.92E-04
5.39E-04
3.48E-04
3.50E-04
3.75E-04
2.37E-04
3.90E-04
2.07E-04
3.82E-04
2.18E-04
3.45E-04
2.54E-04
2.85E-04
2.62E-04
2.32E-04
2.21E-04
2.10E-04
1.72E-04
2.37E-04
1.05E-04
