1.16E-04
1.06E-04
1.14E-04
1.50E-04
1.34E-04
1.67E-04
1.55E-04
1.75E-04
1.70E-04
1.80E-04
1.75E-04
1.78E-04
1.68E-04
1.74E-04
1.48E-04
1.66E-04
1.24E-04
1.52E-04
1.09E-04
1.31E-04
1.04E-04
1.12E-04
1.07E-04
9.94E-05
1.17E-04
9.29E-05
1.30E-04
9.20E-05
1.42E-04
9.96E-05
1.49E-04
1.18E-04
1.51E-04
1.44E-04
1.49E-04
1.72E-04
1.50E-04
1.95E-04
1.60E-04
2.03E-04
1.86E-04
1.91E-04
2.28E-04
1.65E-04
2.81E-04
1.34E-04
3.36E-04
1.09E-04
3.80E-04
1.10E-04
3.99E-04
1.53E-04
3.86E-04
2.44E-04
3.43E-04
3.85E-04
2.75E-04
5.78E-04
1.94E-04
7.90E-04
1.21E-04
1.05E-03
5.96E-05
1.46E-03
2.64E-05
3.16E-03
2.17E-05
1.72E-02
2.40E-05
2.93E-03
7.12E-05
1.52E-03
1.31E-04
1.06E-03
2.07E-04
7.16E-04
2.83E-04
4.81E-04
3.36E-04
3.81E-04
3.49E-04
3.63E-04
3.32E-04
3.61E-04
3.08E-04
3.18E-04
3.08E-04
2.31E-04
3.33E-04
1.31E-04
3.59E-04
7.42E-05
3.48E-04
7.07E-05
2.95E-04
1.02E-04
2.24E-04
1.35E-04
1.62E-04
1.48E-04
1.27E-04
1.41E-04
1.21E-04
1.25E-04
1.32E-04
1.14E-04
1.48E-04
1.16E-04
1.63E-04
1.33E-04
1.70E-04
1.56E-04
1.72E-04
1.81E-04
1.69E-04
2.01E-04
1.64E-04
2.13E-04
1.59E-04
2.19E-04
1.55E-04
2.19E-04
1.50E-04
2.16E-04
1.45E-04
2.12E-04
1.42E-04
2.07E-04
1.40E-04
1.99E-04
1.37E-04
1.93E-04
1.32E-04
1.85E-04
1.25E-04
1.74E-04
1.14E-04
1.60E-04
1.03E-04
1.43E-04
9.26E-05
1.28E-04
8.65E-05
1.16E-04
8.59E-05
1.05E-04
8.80E-05
9.73E-05
9.19E-05
9.47E-05
9.94E-05
9.36E-05
1.07E-04
9.56E-05
1.11E-04
1.03E-04
1.14E-04
1.10E-04
1.14E-04
1.15E-04
1.12E-04
1.19E-04
1.09E-04
1.18E-04
1.11E-04
1.15E-04
1.19E-04
1.18E-04
1.30E-04
1.27E-04
1.38E-04
1.40E-04
1.38E-04
1.47E-04
1.24E-04
1.41E-04
1.05E-04
1.15E-04
1.08E-04
6.57E-05
