2.37E-04
3.70E-05
2.40E-04
5.81E-05
2.86E-04
8.30E-05
3.36E-04
1.43E-04
3.54E-04
2.20E-04
3.30E-04
3.21E-04
2.80E-04
4.48E-04
2.25E-04
5.92E-04
1.68E-04
7.60E-04
1.09E-04
9.94E-04
5.08E-05
1.46E-03
6.07E-06
3.12E-03
3.44E-06
1.84E-02
5.32E-06
3.39E-03
4.73E-05
1.48E-03
1.07E-04
1.01E-03
1.68E-04
7.70E-04
2.29E-04
6.06E-04
2.82E-04
4.66E-04
3.25E-04
3.40E-04
3.54E-04
2.31E-04
3.65E-04
1.46E-04
3.55E-04
9.11E-05
3.26E-04
6.77E-05
2.85E-04
7.32E-05
2.40E-04
1.01E-04
1.98E-04
1.39E-04
1.65E-04
1.73E-04
1.41E-04
1.88E-04
1.24E-04
1.75E-04
1.13E-04
1.42E-04
1.14E-04
1.09E-04
1.34E-04
9.26E-05
1.66E-04
9.38E-05
1.90E-04
1.07E-04
1.92E-04
1.27E-04
1.80E-04
1.46E-04
1.71E-04
1.60E-04
1.70E-04
1.65E-04
1.68E-04
1.66E-04
1.55E-04
1.62E-04
1.32E-04
1.52E-04
1.03E-04
1.37E-04
7.85E-05
1.18E-04
6.97E-05
9.92E-05
8.10E-05
8.58E-05
1.05E-04
7.85E-05
1.30E-04
7.81E-05
1.45E-04
8.34E-05
1.49E-04
9.08E-05
1.45E-04
9.74E-05
1.39E-04
1.01E-04
1.33E-04
1.05E-04
1.26E-04
1.10E-04
1.19E-04
1.15E-04
1.12E-04
1.18E-04
1.07E-04
1.20E-04
1.04E-04
1.22E-04
1.02E-04
1.24E-04
1.00E-04
1.24E-04
9.87E-05
1.23E-04
9.78E-05
1.23E-04
9.80E-05
1.24E-04
9.88E-05
1.26E-04
9.95E-05
1.27E-04
1.00E-04
1.29E-04
1.03E-04
1.32E-04
1.11E-04
1.38E-04
1.26E-04
1.43E-04
1.45E-04
1.49E-04
1.63E-04
1.59E-04
1.76E-04
1.72E-04
1.88E-04
1.84E-04
1.98E-04
1.94E-04
2.07E-04
2.02E-04
2.11E-04
2.11E-04
2.10E-04
2.18E-04
2.05E-04
2.23E-04
1.97E-04
2.21E-04
1.88E-04
2.16E-04
1.77E-04
2.11E-04
1.64E-04
2.12E-04
1.57E-04
2.15E-04
1.58E-04
2.10E-04
1.61E-04
1.95E-04
1.57E-04
1.74E-04
1.40E-04
1.50E-04
1.04E-04
1.29E-04
6.21E-05
1.03E-04
4.35E-05
5.84E-05
