1.26E-04
1.08E-04
1.20E-04
1.52E-04
1.38E-04
1.65E-04
1.54E-04
1.66E-04
1.58E-04
1.68E-04
1.55E-04
1.70E-04
1.54E-04
1.71E-04
1.53E-04
1.69E-04
1.47E-04
1.72E-04
1.36E-04
1.73E-04
1.27E-04
1.67E-04
1.20E-04
1.55E-04
1.13E-04
1.44E-04
1.08E-04
1.33E-04
1.08E-04
1.21E-04
1.14E-04
1.08E-04
1.27E-04
9.62E-05
1.45E-04
8.73E-05
1.62E-04
8.90E-05
1.75E-04
1.03E-04
1.83E-04
1.29E-04
1.86E-04
1.60E-04
1.89E-04
1.91E-04
1.96E-04
2.10E-04
2.15E-04
2.15E-04
2.47E-04
2.04E-04
2.89E-04
1.83E-04
3.34E-04
1.68E-04
3.70E-04
1.80E-04
3.86E-04
2.24E-04
3.75E-04
3.28E-04
3.27E-04
4.98E-04
2.47E-04
7.38E-04
1.54E-04
1.06E-03
6.80E-05
1.56E-03
2.96E-05
2.98E-03
1.96E-05
1.70E-02
2.02E-05
3.28E-03
6.96E-05
1.66E-03
1.42E-04
1.07E-03
2.17E-04
7.15E-04
2.79E-04
5.63E-04
3.05E-04
5.21E-04
2.98E-04
5.22E-04
2.96E-04
4.62E-04
3.42E-04
3.40E-04
4.08E-04
2.00E-04
4.52E-04
1.03E-04
4.43E-04
6.96E-05
3.85E-04
8.72E-05
3.01E-04
1.20E-04
2.22E-04
1.41E-04
1.66E-04
1.43E-04
1.37E-04
1.32E-04
1.31E-04
1.26E-04
1.39E-04
1.29E-04
1.49E-04
1.42E-04
1.56E-04
1.61E-04
1.60E-04
1.80E-04
1.63E-04
1.96E-04
1.65E-04
2.06E-04
1.64E-04
2.13E-04
1.61E-04
2.17E-04
1.58E-04
2.18E-04
1.55E-04
2.15E-04
1.50E-04
2.13E-04
1.46E-04
2.09E-04
1.42E-04
2.04E-04
1.37E-04
1.97E-04
1.32E-04
1.86E-04
1.25E-04
1.72E-04
1.17E-04
1.58E-04
1.08E-04
1.45E-04
9.95E-05
1.31E-04
9.17E-05
1.17E-04
8.77E-05
1.07E-04
9.11E-05
9.69E-05
9.93E-05
9.48E-05
1.09E-04
1.01E-04
1.18E-04
1.09E-04
1.27E-04
1.14E-04
1.32E-04
1.13E-04
1.30E-04
1.07E-04
1.19E-04
1.05E-04
1.07E-04
1.11E-04
1.01E-04
1.21E-04
1.01E-04
1.28E-04
9.16E-05
1.28E-04
7.77E-05
1.10E-04
8.36E-05
6.85E-05
