6.62E-05
4.18E-05
8.21E-05
7.60E-05
1.12E-04
1.02E-04
1.34E-04
1.24E-04
1.38E-04
1.38E-04
1.32E-04
1.40E-04
1.21E-04
1.37E-04
1.11E-04
1.33E-04
1.08E-04
1.32E-04
1.10E-04
1.34E-04
1.13E-04
1.35E-04
1.14E-04
1.31E-04
1.19E-04
1.23E-04
1.24E-04
1.12E-04
1.23E-04
1.08E-04
1.14E-04
1.09E-04
1.08E-04
1.08E-04
1.05E-04
1.07E-04
1.03E-04
1.12E-04
1.03E-04
1.21E-04
1.05E-04
1.33E-04
1.11E-04
1.45E-04
1.18E-04
1.56E-04
1.25E-04
1.67E-04
1.32E-04
1.78E-04
1.37E-04
1.86E-04
1.42E-04
1.93E-04
1.46E-04
1.98E-04
1.49E-04
2.04E-04
1.54E-04
2.08E-04
1.60E-04
2.11E-04
1.65E-04
2.11E-04
1.68E-04
2.07E-04
1.68E-04
2.01E-04
1.65E-04
1.91E-04
1.60E-04
1.77E-04
1.55E-04
1.61E-04
1.46E-04
1.48E-04
1.39E-04
1.39E-04
1.37E-04
1.37E-04
1.48E-04
1.40E-04
1.79E-04
1.42E-04
2.38E-04
1.37E-04
3.24E-04
1.18E-04
4.28E-04
8.79E-05
5.13E-04
6.91E-05
5.54E-04
9.47E-05
5.43E-04
1.91E-04
4.90E-04
3.61E-04
4.17E-04
5.47E-04
3.55E-04
6.79E-04
3.12E-04
7.28E-04
2.77E-04
7.71E-04
2.21E-04
8.96E-04
1.40E-04
1.22E-03
6.45E-05
1.96E-03
1.18E-05
4.19E-03
1.78E-05
1.72E-02
4.05E-05
3.68E-03
1.35E-04
1.87E-03
2.25E-04
1.14E-03
2.82E-04
7.63E-04
3.19E-04
5.40E-04
3.40E-04
4.14E-04
3.44E-04
3.57E-04
3.44E-04
3.47E-04
3.42E-04
3.41E-04
3.38E-04
3.33E-04
3.33E-04
3.04E-04
3.23E-04
2.47E-04
3.07E-04
1.75E-04
2.91E-04
1.11E-04
2.76E-04
7.14E-05
2.66E-04
6.72E-05
2.59E-04
9.51E-05
2.53E-04
1.41E-04
2.45E-04
1.91E-04
2.33E-04
2.32E-04
2.19E-04
2.59E-04
2.03E-04
2.70E-04
1.87E-04
2.66E-04
1.74E-04
2.48E-04
1.65E-04
2.22E-04
1.60E-04
1.97E-04
1.57E-04
1.75E-04
1.50E-04
1.53E-04
1.36E-04
1.32E-04
1.16E-04
1.13E-04
9.59E-05
9.40E-05
8.96E-05
7.25E-05
