8.90E-05
7.83E-05
9.06E-05
1.11E-04
1.05E-04
1.20E-04
1.07E-04
1.22E-04
9.98E-05
1.21E-04
1.01E-04
1.19E-04
1.09E-04
1.20E-04
1.15E-04
1.23E-04
1.20E-04
1.24E-04
1.22E-04
1.24E-04
1.20E-04
1.28E-04
1.16E-04
1.34E-04
1.16E-04
1.37E-04
1.17E-04
1.38E-04
1.20E-04
1.43E-04
1.25E-04
1.52E-04
1.32E-04
1.63E-04
1.39E-04
1.73E-04
1.43E-04
1.80E-04
1.45E-04
1.83E-04
1.47E-04
1.79E-04
1.50E-04
1.70E-04
1.57E-04
1.56E-04
1.67E-04
1.38E-04
1.83E-04
1.18E-04
2.05E-04
9.96E-05
2.33E-04
8.44E-05
2.67E-04
7.49E-05
3.01E-04
7.38E-05
3.31E-04
8.50E-05
3.52E-04
1.16E-04
3.58E-04
1.68E-04
3.54E-04
2.38E-04
3.42E-04
3.18E-04
3.28E-04
3.99E-04
3.14E-04
4.61E-04
3.03E-04
5.21E-04
2.84E-04
6.05E-04
2.52E-04
7.67E-04
2.05E-04
1.11E-03
1.32E-04
1.87E-03
3.15E-05
4.01E-03
1.18E-05
1.80E-02
9.33E-06
4.52E-03
7.09E-05
2.03E-03
1.48E-04
1.30E-03
2.27E-04
9.94E-04
2.87E-04
9.01E-04
3.29E-04
8.29E-04
3.84E-04
7.06E-04
4.70E-04
5.15E-04
5.65E-04
3.18E-04
6.10E-04
1.69E-04
5.82E-04
9.32E-05
5.07E-04
7.79E-05
4.11E-04
9.39E-05
3.17E-04
1.18E-04
2.39E-04
1.37E-04
1.80E-04
1.46E-04
1.42E-04
1.46E-04
1.22E-04
1.40E-04
1.15E-04
1.35E-04
1.17E-04
1.34E-04
1.24E-04
1.38E-04
1.32E-04
1.44E-04
1.38E-04
1.50E-04
1.41E-04
1.55E-04
1.40E-04
1.59E-04
1.38E-04
1.62E-04
1.35E-04
1.63E-04
1.33E-04
1.61E-04
1.30E-04
1.60E-04
1.26E-04
1.58E-04
1.22E-04
1.58E-04
1.19E-04
1.59E-04
1.16E-04
1.60E-04
1.12E-04
1.57E-04
1.08E-04
1.50E-04
1.07E-04
1.36E-04
1.09E-04
1.25E-04
1.15E-04
1.22E-04
1.27E-04
1.24E-04
1.44E-04
1.28E-04
1.65E-04
1.38E-04
1.84E-04
1.47E-04
1.92E-04
1.55E-04
1.79E-04
1.64E-04
1.39E-04
1.69E-04
9.06E-05
1.54E-04
7.82E-05
8.73E-05
