2.31E-04
3.48E-05
2.33E-04
5.53E-05
2.76E-04
7.82E-05
3.25E-04
1.36E-04
3.44E-04
2.15E-04
3.21E-04
3.02E-04
2.82E-04
4.25E-04
2.30E-04
5.62E-04
1.76E-04
6.96E-04
1.23E-04
8.87E-04
6.42E-05
1.35E-03
1.19E-05
2.94E-03
3.46E-06
1.62E-02
1.10E-05
3.16E-03
5.75E-05
1.37E-03
1.19E-04
9.21E-04
1.70E-04
7.12E-04
2.28E-04
5.82E-04
2.78E-04
4.40E-04
3.15E-04
3.27E-04
3.43E-04
2.28E-04
3.55E-04
1.45E-04
3.41E-04
8.71E-05
3.15E-04
6.46E-05
2.76E-04
6.70E-05
2.31E-04
9.25E-05
1.91E-04
1.31E-04
1.60E-04
1.65E-04
1.35E-04
1.80E-04
1.18E-04
1.70E-04
1.08E-04
1.40E-04
1.09E-04
1.07E-04
1.27E-04
9.07E-05
1.57E-04
9.14E-05
1.80E-04
1.03E-04
1.84E-04
1.23E-04
1.74E-04
1.41E-04
1.65E-04
1.55E-04
1.64E-04
1.62E-04
1.62E-04
1.63E-04
1.51E-04
1.58E-04
1.28E-04
1.50E-04
1.02E-04
1.36E-04
7.79E-05
1.18E-04
6.75E-05
9.94E-05
7.63E-05
8.72E-05
9.72E-05
7.85E-05
1.21E-04
7.78E-05
1.36E-04
8.21E-05
1.40E-04
8.85E-05
1.38E-04
9.54E-05
1.33E-04
1.00E-04
1.27E-04
1.02E-04
1.20E-04
1.09E-04
1.13E-04
1.14E-04
1.07E-04
1.17E-04
1.02E-04
1.20E-04
9.82E-05
1.23E-04
9.58E-05
1.23E-04
9.38E-05
1.24E-04
9.26E-05
1.23E-04
9.16E-05
1.23E-04
9.16E-05
1.24E-04
9.26E-05
1.26E-04
9.34E-05
1.26E-04
9.42E-05
1.29E-04
9.66E-05
1.32E-04
1.03E-04
1.37E-04
1.17E-04
1.43E-04
1.35E-04
1.49E-04
1.51E-04
1.57E-04
1.64E-04
1.72E-04
1.76E-04
1.82E-04
1.87E-04
1.92E-04
1.95E-04
2.03E-04
2.01E-04
2.13E-04
2.01E-04
2.18E-04
1.96E-04
2.26E-04
1.90E-04
2.25E-04
1.82E-04
2.19E-04
1.70E-04
2.17E-04
1.59E-04
2.18E-04
1.51E-04
2.18E-04
1.52E-04
2.17E-04
1.55E-04
2.00E-04
1.51E-04
1.77E-04
1.34E-04
1.54E-04
9.99E-05
1.32E-04
5.99E-05
1.06E-04
4.21E-05
6.00E-05
