6.56E-05
4.96E-05
6.71E-05
8.54E-05
8.42E-05
1.04E-04
9.68E-05
1.10E-04
9.95E-05
1.09E-04
9.59E-05
1.04E-04
8.78E-05
9.82E-05
7.88E-05
9.07E-05
7.39E-05
8.26E-05
7.42E-05
7.69E-05
7.66E-05
7.51E-05
7.85E-05
7.76E-05
7.98E-05
8.34E-05
8.28E-05
8.85E-05
8.70E-05
9.05E-05
8.91E-05
9.02E-05
8.81E-05
8.85E-05
8.61E-05
8.55E-05
8.53E-05
8.22E-05
8.58E-05
8.01E-05
8.69E-05
8.01E-05
8.81E-05
8.21E-05
8.98E-05
8.56E-05
9.22E-05
9.08E-05
9.55E-05
9.78E-05
9.96E-05
1.06E-04
1.05E-04
1.13E-04
1.13E-04
1.20E-04
1.25E-04
1.28E-04
1.41E-04
1.35E-04
1.65E-04
1.44E-04
1.99E-04
1.50E-04
2.45E-04
1.49E-04
3.06E-04
1.37E-04
3.77E-04
1.13E-04
4.51E-04
8.43E-05
5.14E-04
7.03E-05
5.49E-04
9.56E-05
5.47E-04
1.81E-04
5.10E-04
3.30E-04
4.51E-04
5.20E-04
3.91E-04
7.07E-04
3.48E-04
8.47E-04
3.18E-04
9.49E-04
2.73E-04
1.11E-03
1.88E-04
1.46E-03
9.03E-05
2.35E-03
8.85E-06
5.20E-03
1.48E-06
2.37E-02
6.57E-06
5.54E-03
8.79E-05
2.36E-03
1.84E-04
1.47E-03
2.68E-04
1.10E-03
3.14E-04
9.46E-04
3.43E-04
8.48E-04
3.84E-04
7.25E-04
4.43E-04
5.49E-04
5.05E-04
3.60E-04
5.48E-04
2.03E-04
5.57E-04
1.04E-04
5.31E-04
6.74E-05
4.75E-04
7.62E-05
4.02E-04
1.07E-04
3.25E-04
1.38E-04
2.58E-04
1.58E-04
2.07E-04
1.66E-04
1.71E-04
1.65E-04
1.47E-04
1.59E-04
1.29E-04
1.50E-04
1.14E-04
1.41E-04
1.01E-04
1.30E-04
9.08E-05
1.19E-04
8.57E-05
1.06E-04
8.63E-05
9.52E-05
9.07E-05
8.62E-05
9.60E-05
7.99E-05
9.95E-05
7.60E-05
1.01E-04
7.37E-05
1.01E-04
7.36E-05
9.78E-05
7.65E-05
9.32E-05
8.25E-05
9.06E-05
9.20E-05
9.69E-05
1.04E-04
1.16E-04
1.17E-04
1.44E-04
1.26E-04
1.70E-04
1.31E-04
1.78E-04
1.37E-04
1.52E-04
1.46E-04
1.08E-04
1.38E-04
9.77E-05
7.24E-05
