5.75E-05
6.34E-05
8.56E-05
1.05E-04
1.39E-04
1.21E-04
1.79E-04
1.31E-04
1.84E-04
1.49E-04
1.66E-04
1.60E-04
1.48E-04
1.64E-04
1.38E-04
1.56E-04
1.33E-04
1.46E-04
1.29E-04
1.41E-04
1.24E-04
1.39E-04
1.20E-04
1.33E-04
1.17E-04
1.32E-04
1.13E-04
1.29E-04
1.09E-04
1.28E-04
1.08E-04
1.24E-04
1.12E-04
1.19E-04
1.13E-04
1.18E-04
1.10E-04
1.24E-04
1.10E-04
1.22E-04
1.14E-04
1.15E-04
1.15E-04
1.09E-04
1.11E-04
1.05E-04
1.05E-04
9.89E-05
9.73E-05
9.57E-05
9.04E-05
9.16E-05
8.43E-05
9.14E-05
7.95E-05
9.86E-05
7.86E-05
1.12E-04
8.42E-05
1.27E-04
9.28E-05
1.43E-04
1.01E-04
1.58E-04
1.09E-04
1.71E-04
1.17E-04
1.83E-04
1.24E-04
1.93E-04
1.31E-04
1.98E-04
1.37E-04
2.06E-04
1.45E-04
2.09E-04
1.57E-04
2.07E-04
1.71E-04
2.00E-04
1.83E-04
1.87E-04
1.89E-04
1.69E-04
1.88E-04
1.52E-04
1.78E-04
1.36E-04
1.62E-04
1.23E-04
1.42E-04
1.21E-04
1.23E-04
1.29E-04
1.14E-04
1.45E-04
1.27E-04
1.61E-04
1.66E-04
1.61E-04
2.25E-04
1.37E-04
2.84E-04
9.71E-05
3.19E-04
6.62E-05
3.21E-04
7.77E-05
2.93E-04
1.52E-04
2.66E-04
2.52E-04
2.82E-04
3.18E-04
3.37E-04
3.28E-04
3.87E-04
3.06E-04
3.97E-04
2.76E-04
3.79E-04
3.22E-04
3.21E-04
4.78E-04
2.40E-04
7.42E-04
1.55E-04
1.07E-03
7.61E-05
1.51E-03
2.20E-05
2.78E-03
9.84E-06
1.57E-02
1.77E-05
2.99E-03
5.71E-05
1.50E-03
1.36E-04
1.09E-03
2.20E-04
7.86E-04
3.05E-04
5.48E-04
3.58E-04
3.44E-04
3.80E-04
2.33E-04
3.82E-04
1.91E-04
3.65E-04
1.90E-04
3.30E-04
2.15E-04
2.93E-04
2.40E-04
2.58E-04
2.28E-04
2.30E-04
1.93E-04
2.16E-04
1.46E-04
2.14E-04
1.04E-04
2.19E-04
8.38E-05
2.28E-04
9.14E-05
2.37E-04
1.12E-04
2.31E-04
1.42E-04
2.00E-04
1.75E-04
1.57E-04
1.88E-04
1.21E-04
1.75E-04
1.17E-04
1.32E-04
