2.40E-05
4.25E-05
3.66E-05
7.23E-05
6.60E-05
8.83E-05
8.80E-05
1.04E-04
9.74E-05
1.23E-04
1.05E-04
1.38E-04
1.12E-04
1.58E-04
1.16E-04
1.75E-04
1.22E-04
1.84E-04
1.32E-04
1.93E-04
1.42E-04
2.04E-04
1.53E-04
2.09E-04
1.62E-04
2.21E-04
1.71E-04
2.27E-04
1.80E-04
2.28E-04
1.87E-04
2.32E-04
1.92E-04
2.37E-04
1.93E-04
2.32E-04
1.92E-04
2.36E-04
1.88E-04
2.32E-04
1.85E-04
2.18E-04
1.81E-04
2.08E-04
1.73E-04
2.03E-04
1.61E-04
1.91E-04
1.51E-04
1.87E-04
1.40E-04
1.77E-04
1.32E-04
1.64E-04
1.24E-04
1.54E-04
1.16E-04
1.47E-04
1.10E-04
1.37E-04
1.08E-04
1.32E-04
1.08E-04
1.25E-04
1.09E-04
1.18E-04
1.10E-04
1.16E-04
1.10E-04
1.15E-04
1.10E-04
1.11E-04
1.07E-04
1.13E-04
9.70E-05
1.12E-04
8.44E-05
1.11E-04
7.32E-05
1.13E-04
6.53E-05
1.15E-04
6.20E-05
1.16E-04
6.41E-05
1.20E-04
7.27E-05
1.20E-04
8.81E-05
1.19E-04
1.07E-04
1.15E-04
1.25E-04
1.08E-04
1.37E-04
9.56E-05
1.42E-04
8.51E-05
1.38E-04
7.97E-05
1.34E-04
8.25E-05
1.38E-04
9.51E-05
1.54E-04
1.16E-04
1.79E-04
1.44E-04
2.03E-04
1.71E-04
2.11E-04
1.98E-04
2.01E-04
2.25E-04
1.83E-04
2.44E-04
1.72E-04
2.52E-04
1.80E-04
2.44E-04
2.00E-04
2.23E-04
2.18E-04
1.88E-04
2.24E-04
1.44E-04
2.18E-04
1.07E-04
2.09E-04
8.42E-05
2.06E-04
8.05E-05
2.12E-04
1.04E-04
2.19E-04
1.43E-04
2.35E-04
1.87E-04
2.60E-04
2.22E-04
2.89E-04
2.37E-04
3.21E-04
2.14E-04
3.56E-04
1.96E-04
3.71E-04
1.95E-04
3.71E-04
2.28E-04
3.56E-04
3.29E-04
3.07E-04
5.24E-04
2.24E-04
7.38E-04
1.47E-04
1.02E-03
6.52E-05
1.42E-03
2.16E-05
2.87E-03
6.91E-06
1.46E-02
2.47E-05
2.70E-03
7.74E-05
1.43E-03
1.60E-04
9.87E-04
2.43E-04
7.12E-04
2.83E-04
5.10E-04
2.60E-04
3.52E-04
2.58E-04
2.14E-04
3.75E-04
1.33E-04
