1.04E-04
9.08E-05
1.04E-04
1.28E-04
1.24E-04
1.45E-04
1.44E-04
1.53E-04
1.56E-04
1.51E-04
1.56E-04
1.38E-04
1.45E-04
1.25E-04
1.31E-04
1.13E-04
1.24E-04
1.01E-04
1.27E-04
9.36E-05
1.30E-04
9.86E-05
1.32E-04
1.15E-04
1.30E-04
1.41E-04
1.27E-04
1.65E-04
1.27E-04
1.81E-04
1.38E-04
1.82E-04
1.62E-04
1.68E-04
2.01E-04
1.38E-04
2.53E-04
1.05E-04
3.07E-04
8.15E-05
3.54E-04
7.75E-05
3.82E-04
1.07E-04
3.84E-04
1.79E-04
3.57E-04
2.83E-04
3.12E-04
4.29E-04
2.48E-04
5.95E-04
1.81E-04
7.65E-04
1.21E-04
9.68E-04
6.67E-05
1.39E-03
2.39E-05
2.92E-03
2.30E-05
1.69E-02
3.03E-05
3.13E-03
7.62E-05
1.42E-03
1.32E-04
1.03E-03
1.89E-04
7.67E-04
2.61E-04
5.24E-04
3.24E-04
3.23E-04
3.61E-04
2.43E-04
3.68E-04
2.49E-04
3.47E-04
2.63E-04
3.09E-04
2.42E-04
2.86E-04
1.87E-04
2.85E-04
1.16E-04
2.90E-04
7.25E-05
2.74E-04
7.29E-05
2.35E-04
1.03E-04
1.81E-04
1.34E-04
1.30E-04
1.48E-04
1.02E-04
1.42E-04
9.89E-05
1.24E-04
1.14E-04
1.10E-04
1.36E-04
1.07E-04
1.55E-04
1.15E-04
1.67E-04
1.34E-04
1.71E-04
1.59E-04
1.69E-04
1.81E-04
1.62E-04
1.99E-04
1.55E-04
2.10E-04
1.48E-04
2.12E-04
1.43E-04
2.11E-04
1.38E-04
2.05E-04
1.35E-04
1.97E-04
1.31E-04
1.88E-04
1.27E-04
1.78E-04
1.20E-04
1.67E-04
1.10E-04
1.56E-04
9.85E-05
1.43E-04
8.62E-05
1.29E-04
7.74E-05
1.15E-04
7.55E-05
1.05E-04
8.05E-05
9.77E-05
8.90E-05
9.47E-05
9.65E-05
9.61E-05
1.02E-04
1.01E-04
1.08E-04
1.03E-04
1.12E-04
1.06E-04
1.13E-04
1.09E-04
1.10E-04
1.14E-04
1.07E-04
1.17E-04
1.01E-04
1.22E-04
9.87E-05
1.28E-04
1.04E-04
1.34E-04
1.19E-04
1.40E-04
1.46E-04
1.50E-04
1.74E-04
1.61E-04
1.94E-04
1.72E-04
1.94E-04
1.74E-04
1.68E-04
1.62E-04
1.32E-04
1.29E-04
1.22E-04
6.87E-05
