4.09E-05
6.00E-05
6.14E-05
1.02E-04
1.07E-04
1.23E-04
1.46E-04
1.39E-04
1.64E-04
1.61E-04
1.67E-04
1.85E-04
1.64E-04
2.05E-04
1.64E-04
2.14E-04
1.69E-04
2.15E-04
1.77E-04
2.15E-04
1.86E-04
2.15E-04
1.94E-04
2.14E-04
1.99E-04
2.11E-04
2.00E-04
2.06E-04
1.97E-04
2.01E-04
1.91E-04
1.94E-04
1.83E-04
1.87E-04
1.73E-04
1.80E-04
1.67E-04
1.69E-04
1.62E-04
1.58E-04
1.54E-04
1.51E-04
1.42E-04
1.48E-04
1.31E-04
1.44E-04
1.23E-04
1.38E-04
1.18E-04
1.33E-04
1.16E-04
1.28E-04
1.14E-04
1.24E-04
1.13E-04
1.21E-04
1.13E-04
1.17E-04
1.14E-04
1.12E-04
1.13E-04
1.06E-04
1.08E-04
1.01E-04
1.00E-04
9.65E-05
9.05E-05
9.39E-05
7.93E-05
9.38E-05
6.79E-05
9.75E-05
6.04E-05
1.06E-04
6.11E-05
1.19E-04
7.15E-05
1.35E-04
9.02E-05
1.52E-04
1.15E-04
1.63E-04
1.41E-04
1.66E-04
1.64E-04
1.61E-04
1.82E-04
1.48E-04
1.91E-04
1.28E-04
1.89E-04
1.10E-04
1.78E-04
9.33E-05
1.66E-04
8.13E-05
1.53E-04
7.99E-05
1.44E-04
9.43E-05
1.38E-04
1.25E-04
1.38E-04
1.67E-04
1.45E-04
2.09E-04
1.58E-04
2.44E-04
1.77E-04
2.58E-04
2.04E-04
2.43E-04
2.39E-04
2.00E-04
2.70E-04
1.44E-04
2.82E-04
9.21E-05
2.70E-04
7.20E-05
2.49E-04
1.01E-04
2.42E-04
1.70E-04
2.58E-04
2.43E-04
2.89E-04
2.83E-04
3.22E-04
2.75E-04
3.49E-04
2.36E-04
3.67E-04
2.02E-04
3.76E-04
2.03E-04
3.72E-04
2.57E-04
3.47E-04
3.72E-04
2.94E-04
5.60E-04
2.12E-04
8.25E-04
1.19E-04
1.16E-03
4.43E-05
1.59E-03
6.78E-06
3.22E-03
9.95E-07
1.79E-02
3.81E-06
2.97E-03
4.17E-05
1.59E-03
1.14E-04
1.16E-03
2.05E-04
8.27E-04
2.88E-04
5.56E-04
3.47E-04
3.63E-04
3.81E-04
2.51E-04
3.96E-04
2.13E-04
3.90E-04
2.30E-04
3.54E-04
2.64E-04
2.94E-04
2.67E-04
2.38E-04
2.25E-04
2.13E-04
1.75E-04
2.41E-04
1.06E-04
