5.38E-05
6.77E-05
8.06E-05
1.13E-04
1.37E-04
1.33E-04
1.88E-04
1.45E-04
2.04E-04
1.64E-04
1.92E-04
1.85E-04
1.75E-04
1.94E-04
1.67E-04
1.88E-04
1.65E-04
1.77E-04
1.64E-04
1.68E-04
1.62E-04
1.61E-04
1.58E-04
1.55E-04
1.53E-04
1.49E-04
1.46E-04
1.45E-04
1.38E-04
1.42E-04
1.29E-04
1.41E-04
1.25E-04
1.36E-04
1.25E-04
1.29E-04
1.24E-04
1.26E-04
1.20E-04
1.29E-04
1.17E-04
1.28E-04
1.18E-04
1.23E-04
1.20E-04
1.19E-04
1.20E-04
1.15E-04
1.18E-04
1.12E-04
1.14E-04
1.08E-04
1.09E-04
1.02E-04
1.01E-04
9.72E-05
8.98E-05
9.52E-05
7.97E-05
9.78E-05
7.50E-05
1.04E-04
7.68E-05
1.14E-04
8.26E-05
1.27E-04
9.09E-05
1.43E-04
1.02E-04
1.59E-04
1.14E-04
1.74E-04
1.25E-04
1.87E-04
1.36E-04
1.97E-04
1.48E-04
2.03E-04
1.63E-04
2.02E-04
1.78E-04
1.95E-04
1.90E-04
1.82E-04
1.97E-04
1.65E-04
1.97E-04
1.45E-04
1.90E-04
1.27E-04
1.75E-04
1.17E-04
1.55E-04
1.13E-04
1.32E-04
1.21E-04
1.13E-04
1.41E-04
1.05E-04
1.66E-04
1.20E-04
1.82E-04
1.60E-04
1.77E-04
2.19E-04
1.44E-04
2.78E-04
9.50E-05
3.07E-04
6.02E-05
2.95E-04
7.50E-05
2.65E-04
1.48E-04
2.57E-04
2.49E-04
2.91E-04
3.24E-04
3.48E-04
3.40E-04
3.94E-04
3.00E-04
4.13E-04
2.46E-04
4.04E-04
2.43E-04
3.72E-04
3.42E-04
3.13E-04
5.52E-04
2.29E-04
8.44E-04
1.35E-04
1.19E-03
5.59E-05
1.61E-03
1.29E-05
3.23E-03
4.06E-06
1.79E-02
6.07E-06
2.97E-03
4.53E-05
1.60E-03
1.20E-04
1.16E-03
2.13E-04
8.33E-04
2.97E-04
5.63E-04
3.53E-04
3.72E-04
3.78E-04
2.56E-04
3.80E-04
2.08E-04
3.63E-04
2.07E-04
3.35E-04
2.30E-04
3.05E-04
2.45E-04
2.80E-04
2.34E-04
2.64E-04
1.95E-04
2.54E-04
1.43E-04
2.48E-04
9.71E-05
2.44E-04
7.15E-05
2.28E-04
7.73E-05
1.89E-04
1.08E-04
1.43E-04
1.31E-04
1.27E-04
1.16E-04
