1.18E-04
1.06E-04
1.15E-04
1.51E-04
1.36E-04
1.68E-04
1.57E-04
1.76E-04
1.72E-04
1.80E-04
1.78E-04
1.80E-04
1.71E-04
1.75E-04
1.50E-04
1.68E-04
1.27E-04
1.54E-04
1.11E-04
1.33E-04
1.06E-04
1.14E-04
1.09E-04
1.01E-04
1.19E-04
9.38E-05
1.32E-04
9.28E-05
1.44E-04
1.01E-04
1.52E-04
1.19E-04
1.54E-04
1.45E-04
1.52E-04
1.74E-04
1.53E-04
1.97E-04
1.63E-04
2.06E-04
1.89E-04
1.95E-04
2.31E-04
1.69E-04
2.85E-04
1.36E-04
3.41E-04
1.12E-04
3.85E-04
1.13E-04
4.04E-04
1.54E-04
3.91E-04
2.48E-04
3.45E-04
3.93E-04
2.75E-04
5.86E-04
1.93E-04
8.13E-04
1.16E-04
1.09E-03
5.66E-05
1.51E-03
2.57E-05
3.26E-03
2.18E-05
1.81E-02
2.30E-05
3.01E-03
6.70E-05
1.58E-03
1.26E-04
1.11E-03
2.04E-04
7.40E-04
2.82E-04
4.93E-04
3.36E-04
3.92E-04
3.53E-04
3.74E-04
3.36E-04
3.66E-04
3.12E-04
3.24E-04
3.13E-04
2.33E-04
3.39E-04
1.31E-04
3.64E-04
7.45E-05
3.53E-04
7.23E-05
2.99E-04
1.04E-04
2.26E-04
1.37E-04
1.63E-04
1.50E-04
1.28E-04
1.42E-04
1.22E-04
1.26E-04
1.35E-04
1.15E-04
1.52E-04
1.17E-04
1.66E-04
1.35E-04
1.75E-04
1.59E-04
1.76E-04
1.84E-04
1.73E-04
2.04E-04
1.68E-04
2.16E-04
1.63E-04
2.21E-04
1.58E-04
2.21E-04
1.53E-04
2.19E-04
1.49E-04
2.14E-04
1.46E-04
2.08E-04
1.43E-04
2.01E-04
1.40E-04
1.94E-04
1.35E-04
1.86E-04
1.27E-04
1.75E-04
1.16E-04
1.60E-04
1.04E-04
1.43E-04
9.38E-05
1.28E-04
8.79E-05
1.15E-04
8.74E-05
1.04E-04
8.98E-05
9.75E-05
9.41E-05
9.50E-05
1.02E-04
9.39E-05
1.10E-04
9.66E-05
1.14E-04
1.04E-04
1.16E-04
1.11E-04
1.17E-04
1.16E-04
1.14E-04
1.20E-04
1.12E-04
1.19E-04
1.14E-04
1.17E-04
1.23E-04
1.20E-04
1.34E-04
1.30E-04
1.43E-04
1.42E-04
1.44E-04
1.48E-04
1.28E-04
1.42E-04
1.08E-04
1.16E-04
1.10E-04
6.57E-05
