1.21E-04
1.06E-04
1.15E-04
1.48E-04
1.31E-04
1.61E-04
1.46E-04
1.62E-04
1.50E-04
1.64E-04
1.49E-04
1.65E-04
1.47E-04
1.67E-04
1.45E-04
1.66E-04
1.39E-04
1.67E-04
1.28E-04
1.67E-04
1.19E-04
1.62E-04
1.12E-04
1.49E-04
1.06E-04
1.39E-04
1.02E-04
1.28E-04
1.02E-04
1.15E-04
1.08E-04
1.03E-04
1.20E-04
9.26E-05
1.37E-04
8.33E-05
1.54E-04
8.70E-05
1.64E-04
1.01E-04
1.71E-04
1.24E-04
1.75E-04
1.55E-04
1.77E-04
1.85E-04
1.84E-04
1.97E-04
2.05E-04
2.02E-04
2.35E-04
1.92E-04
2.76E-04
1.65E-04
3.22E-04
1.48E-04
3.59E-04
1.67E-04
3.73E-04
2.00E-04
3.76E-04
3.02E-04
3.33E-04
4.64E-04
2.60E-04
6.64E-04
1.79E-04
9.28E-04
9.14E-05
1.42E-03
4.20E-05
2.76E-03
1.88E-05
1.45E-02
3.08E-05
2.99E-03
8.46E-05
1.52E-03
1.59E-04
9.64E-04
2.19E-04
6.47E-04
2.78E-04
5.31E-04
2.97E-04
4.78E-04
2.85E-04
4.91E-04
2.85E-04
4.54E-04
3.31E-04
3.39E-04
3.88E-04
1.99E-04
4.32E-04
1.07E-04
4.27E-04
6.81E-05
3.72E-04
8.17E-05
2.93E-04
1.13E-04
2.19E-04
1.35E-04
1.63E-04
1.37E-04
1.33E-04
1.28E-04
1.26E-04
1.22E-04
1.31E-04
1.23E-04
1.40E-04
1.36E-04
1.46E-04
1.54E-04
1.49E-04
1.71E-04
1.52E-04
1.88E-04
1.53E-04
1.97E-04
1.52E-04
2.04E-04
1.51E-04
2.10E-04
1.48E-04
2.11E-04
1.44E-04
2.08E-04
1.41E-04
2.08E-04
1.37E-04
2.03E-04
1.33E-04
1.99E-04
1.29E-04
1.94E-04
1.25E-04
1.85E-04
1.19E-04
1.70E-04
1.11E-04
1.58E-04
1.04E-04
1.45E-04
9.56E-05
1.32E-04
8.77E-05
1.19E-04
8.32E-05
1.09E-04
8.52E-05
9.70E-05
9.19E-05
9.48E-05
1.01E-04
9.96E-05
1.10E-04
1.07E-04
1.19E-04
1.13E-04
1.25E-04
1.13E-04
1.22E-04
1.05E-04
1.12E-04
1.04E-04
9.94E-05
1.09E-04
9.27E-05
1.17E-04
9.15E-05
1.25E-04
8.41E-05
1.25E-04
7.18E-05
1.09E-04
7.73E-05
6.90E-05
