5.99E-05
5.46E-05
8.59E-05
8.80E-05
1.31E-04
1.02E-04
1.62E-04
1.13E-04
1.63E-04
1.26E-04
1.49E-04
1.33E-04
1.34E-04
1.34E-04
1.25E-04
1.30E-04
1.18E-04
1.27E-04
1.12E-04
1.27E-04
1.08E-04
1.27E-04
1.07E-04
1.26E-04
1.06E-04
1.26E-04
1.05E-04
1.25E-04
1.06E-04
1.19E-04
1.11E-04
1.13E-04
1.14E-04
1.11E-04
1.12E-04
1.13E-04
1.13E-04
1.11E-04
1.15E-04
1.03E-04
1.13E-04
9.56E-05
1.05E-04
9.19E-05
9.54E-05
9.06E-05
8.82E-05
9.15E-05
8.54E-05
9.67E-05
8.59E-05
1.05E-04
8.91E-05
1.19E-04
9.49E-05
1.37E-04
1.03E-04
1.53E-04
1.12E-04
1.66E-04
1.19E-04
1.78E-04
1.25E-04
1.89E-04
1.31E-04
1.98E-04
1.38E-04
2.06E-04
1.44E-04
2.12E-04
1.50E-04
2.15E-04
1.58E-04
2.17E-04
1.67E-04
2.13E-04
1.77E-04
2.03E-04
1.85E-04
1.89E-04
1.87E-04
1.71E-04
1.81E-04
1.51E-04
1.68E-04
1.37E-04
1.50E-04
1.29E-04
1.33E-04
1.32E-04
1.27E-04
1.45E-04
1.42E-04
1.57E-04
1.88E-04
1.57E-04
2.59E-04
1.35E-04
3.34E-04
9.67E-05
3.85E-04
6.85E-05
3.92E-04
8.44E-05
3.59E-04
1.63E-04
3.21E-04
2.83E-04
3.08E-04
3.89E-04
3.26E-04
4.19E-04
3.53E-04
3.97E-04
3.54E-04
4.07E-04
3.12E-04
5.18E-04
2.37E-04
7.37E-04
1.58E-04
1.12E-03
8.14E-05
1.64E-03
3.31E-05
3.13E-03
2.64E-05
1.64E-02
3.37E-05
2.87E-03
7.41E-05
1.58E-03
1.62E-04
1.12E-03
2.60E-04
7.85E-04
3.45E-04
5.18E-04
3.95E-04
3.28E-04
4.04E-04
2.24E-04
3.92E-04
2.01E-04
3.62E-04
2.18E-04
3.22E-04
2.61E-04
2.83E-04
2.89E-04
2.50E-04
2.77E-04
2.27E-04
2.28E-04
2.18E-04
1.66E-04
2.18E-04
1.09E-04
2.22E-04
7.99E-05
2.27E-04
8.32E-05
2.30E-04
1.11E-04
2.28E-04
1.49E-04
2.23E-04
1.82E-04
2.13E-04
2.03E-04
1.96E-04
2.13E-04
1.73E-04
2.08E-04
1.45E-04
1.87E-04
1.16E-04
1.60E-04
1.09E-04
1.19E-04
