8.88E-05
9.21E-05
8.51E-05
1.22E-04
1.05E-04
1.26E-04
1.27E-04
1.17E-04
1.41E-04
1.01E-04
1.48E-04
8.67E-05
1.53E-04
8.75E-05
1.57E-04
1.03E-04
1.56E-04
1.31E-04
1.47E-04
1.62E-04
1.35E-04
1.84E-04
1.32E-04
1.86E-04
1.46E-04
1.70E-04
1.77E-04
1.40E-04
2.22E-04
1.05E-04
2.72E-04
7.65E-05
3.18E-04
6.61E-05
3.53E-04
7.89E-05
3.71E-04
1.25E-04
3.64E-04
2.05E-04
3.35E-04
3.13E-04
2.89E-04
4.47E-04
2.33E-04
6.06E-04
1.74E-04
7.67E-04
1.21E-04
9.87E-04
6.82E-05
1.42E-03
2.96E-05
3.24E-03
2.96E-05
1.75E-02
3.50E-05
2.99E-03
8.34E-05
1.41E-03
1.41E-04
9.96E-04
1.97E-04
7.86E-04
2.57E-04
5.88E-04
3.15E-04
3.85E-04
3.56E-04
2.27E-04
3.75E-04
1.59E-04
3.64E-04
1.68E-04
3.28E-04
2.09E-04
2.87E-04
2.22E-04
2.57E-04
1.87E-04
2.48E-04
1.28E-04
2.51E-04
8.38E-05
2.45E-04
7.49E-05
2.15E-04
9.60E-05
1.69E-04
1.27E-04
1.25E-04
1.49E-04
9.58E-05
1.52E-04
8.61E-05
1.39E-04
9.41E-05
1.20E-04
1.12E-04
1.06E-04
1.32E-04
1.03E-04
1.51E-04
1.10E-04
1.63E-04
1.23E-04
1.68E-04
1.44E-04
1.66E-04
1.66E-04
1.59E-04
1.84E-04
1.51E-04
1.95E-04
1.42E-04
1.98E-04
1.34E-04
1.95E-04
1.27E-04
1.87E-04
1.20E-04
1.76E-04
1.12E-04
1.64E-04
1.02E-04
1.51E-04
9.27E-05
1.36E-04
8.38E-05
1.22E-04
7.66E-05
1.09E-04
7.28E-05
9.86E-05
7.35E-05
9.34E-05
7.90E-05
9.37E-05
8.82E-05
9.67E-05
9.73E-05
9.99E-05
1.02E-04
1.06E-04
1.04E-04
1.13E-04
1.07E-04
1.15E-04
1.10E-04
1.16E-04
1.10E-04
1.20E-04
1.09E-04
1.22E-04
1.08E-04
1.23E-04
1.06E-04
1.26E-04
1.07E-04
1.33E-04
1.13E-04
1.45E-04
1.25E-04
1.59E-04
1.48E-04
1.73E-04
1.82E-04
1.89E-04
2.20E-04
2.02E-04
2.48E-04
2.07E-04
2.46E-04
2.01E-04
2.03E-04
1.84E-04
1.45E-04
1.48E-04
1.21E-04
7.72E-05
