5.91E-05
4.90E-05
5.96E-05
8.31E-05
7.35E-05
1.01E-04
8.46E-05
1.06E-04
8.80E-05
1.04E-04
8.52E-05
9.68E-05
7.78E-05
9.32E-05
6.98E-05
8.53E-05
6.61E-05
7.72E-05
6.66E-05
7.33E-05
6.88E-05
7.22E-05
7.05E-05
7.44E-05
7.24E-05
8.15E-05
7.55E-05
8.60E-05
7.95E-05
8.68E-05
8.13E-05
8.67E-05
8.03E-05
8.51E-05
7.87E-05
8.10E-05
7.86E-05
7.92E-05
7.94E-05
7.72E-05
8.08E-05
7.69E-05
8.25E-05
7.94E-05
8.44E-05
8.34E-05
8.70E-05
8.83E-05
9.07E-05
9.59E-05
9.48E-05
1.03E-04
1.01E-04
1.10E-04
1.08E-04
1.17E-04
1.20E-04
1.24E-04
1.36E-04
1.31E-04
1.59E-04
1.39E-04
1.91E-04
1.43E-04
2.36E-04
1.41E-04
2.94E-04
1.28E-04
3.60E-04
1.05E-04
4.30E-04
7.68E-05
4.91E-04
6.81E-05
5.21E-04
9.65E-05
5.18E-04
1.78E-04
4.86E-04
3.17E-04
4.31E-04
5.05E-04
3.75E-04
6.50E-04
3.49E-04
7.73E-04
3.24E-04
8.61E-04
2.89E-04
9.55E-04
2.23E-04
1.24E-03
1.28E-04
2.12E-03
2.98E-05
4.79E-03
1.70E-06
1.97E-02
2.41E-05
5.03E-03
1.17E-04
2.15E-03
2.14E-04
1.28E-03
2.72E-04
9.63E-04
3.12E-04
8.81E-04
3.33E-04
7.74E-04
3.65E-04
6.84E-04
4.21E-04
5.44E-04
4.84E-04
3.63E-04
5.18E-04
2.05E-04
5.31E-04
1.11E-04
5.09E-04
6.71E-05
4.56E-04
7.11E-05
3.87E-04
9.96E-05
3.16E-04
1.30E-04
2.51E-04
1.50E-04
2.00E-04
1.59E-04
1.66E-04
1.59E-04
1.43E-04
1.54E-04
1.25E-04
1.47E-04
1.11E-04
1.39E-04
9.87E-05
1.28E-04
8.82E-05
1.17E-04
8.28E-05
1.06E-04
8.23E-05
9.46E-05
8.59E-05
8.55E-05
9.07E-05
7.94E-05
9.39E-05
7.47E-05
9.54E-05
7.20E-05
9.42E-05
7.11E-05
9.05E-05
7.31E-05
8.53E-05
7.82E-05
8.16E-05
8.51E-05
8.49E-05
9.55E-05
1.03E-04
1.07E-04
1.26E-04
1.13E-04
1.48E-04
1.16E-04
1.55E-04
1.23E-04
1.32E-04
1.31E-04
9.54E-05
1.23E-04
8.77E-05
6.53E-05
