1.23E-04
7.57E-05
1.42E-04
9.75E-05
1.98E-04
7.59E-05
2.62E-04
6.32E-05
3.18E-04
6.98E-05
3.54E-04
9.25E-05
3.64E-04
1.43E-04
3.50E-04
2.24E-04
3.21E-04
3.27E-04
2.81E-04
4.50E-04
2.29E-04
5.95E-04
1.69E-04
7.48E-04
1.11E-04
9.77E-04
5.04E-05
1.44E-03
5.79E-06
3.30E-03
2.33E-06
1.75E-02
6.43E-06
3.05E-03
5.53E-05
1.42E-03
1.15E-04
9.51E-04
1.73E-04
7.34E-04
2.29E-04
5.84E-04
2.80E-04
4.49E-04
3.18E-04
3.23E-04
3.46E-04
2.17E-04
3.55E-04
1.32E-04
3.42E-04
8.19E-05
3.14E-04
6.44E-05
2.77E-04
7.65E-05
2.37E-04
1.12E-04
1.99E-04
1.56E-04
1.65E-04
1.84E-04
1.36E-04
1.82E-04
1.19E-04
1.53E-04
1.25E-04
1.18E-04
1.52E-04
9.46E-05
1.82E-04
9.33E-05
1.95E-04
1.08E-04
1.86E-04
1.30E-04
1.72E-04
1.51E-04
1.62E-04
1.64E-04
1.54E-04
1.69E-04
1.40E-04
1.66E-04
1.17E-04
1.52E-04
9.26E-05
1.29E-04
7.44E-05
1.03E-04
7.21E-05
8.53E-05
8.63E-05
7.74E-05
1.12E-04
7.98E-05
1.37E-04
8.93E-05
1.54E-04
1.02E-04
1.58E-04
1.13E-04
1.50E-04
1.19E-04
1.35E-04
1.20E-04
1.15E-04
1.20E-04
9.80E-05
1.19E-04
8.71E-05
1.15E-04
8.40E-05
1.12E-04
8.74E-05
1.09E-04
9.39E-05
1.07E-04
1.00E-04
1.06E-04
1.05E-04
1.06E-04
1.06E-04
1.06E-04
1.05E-04
1.09E-04
1.04E-04
1.13E-04
1.00E-04
1.18E-04
9.64E-05
1.23E-04
9.35E-05
1.26E-04
9.25E-05
1.30E-04
9.66E-05
1.36E-04
1.09E-04
1.40E-04
1.25E-04
1.44E-04
1.40E-04
1.52E-04
1.52E-04
1.62E-04
1.64E-04
1.72E-04
1.76E-04
1.83E-04
1.88E-04
1.93E-04
1.97E-04
2.02E-04
2.01E-04
2.12E-04
2.02E-04
2.17E-04
1.99E-04
2.20E-04
1.94E-04
2.23E-04
1.88E-04
2.30E-04
1.85E-04
2.40E-04
1.91E-04
2.45E-04
2.03E-04
2.31E-04
2.05E-04
2.05E-04
1.82E-04
1.80E-04
1.33E-04
1.58E-04
7.97E-05
1.26E-04
5.61E-05
6.99E-05
