6.11E-05
4.41E-05
8.11E-05
7.17E-05
1.15E-04
8.90E-05
1.39E-04
1.04E-04
1.43E-04
1.18E-04
1.35E-04
1.24E-04
1.25E-04
1.23E-04
1.15E-04
1.22E-04
1.08E-04
1.23E-04
1.06E-04
1.24E-04
1.07E-04
1.25E-04
1.09E-04
1.26E-04
1.10E-04
1.23E-04
1.12E-04
1.17E-04
1.18E-04
1.09E-04
1.19E-04
1.06E-04
1.14E-04
1.07E-04
1.11E-04
1.03E-04
1.09E-04
9.68E-05
1.04E-04
9.38E-05
9.83E-05
9.55E-05
9.37E-05
1.01E-04
9.36E-05
1.11E-04
9.83E-05
1.22E-04
1.06E-04
1.36E-04
1.13E-04
1.50E-04
1.20E-04
1.65E-04
1.27E-04
1.77E-04
1.33E-04
1.88E-04
1.38E-04
1.97E-04
1.43E-04
2.07E-04
1.50E-04
2.14E-04
1.58E-04
2.19E-04
1.65E-04
2.21E-04
1.71E-04
2.21E-04
1.75E-04
2.17E-04
1.79E-04
2.09E-04
1.82E-04
1.95E-04
1.80E-04
1.79E-04
1.74E-04
1.61E-04
1.63E-04
1.47E-04
1.50E-04
1.39E-04
1.41E-04
1.42E-04
1.47E-04
1.50E-04
1.80E-04
1.55E-04
2.43E-04
1.45E-04
3.30E-04
1.16E-04
4.20E-04
7.98E-05
4.82E-04
6.74E-05
4.92E-04
1.13E-04
4.50E-04
2.29E-04
3.82E-04
3.81E-04
3.34E-04
5.10E-04
3.26E-04
5.82E-04
3.19E-04
5.89E-04
2.83E-04
6.24E-04
2.15E-04
8.06E-04
1.40E-04
1.19E-03
7.42E-05
1.86E-03
2.82E-05
3.35E-03
3.48E-05
1.75E-02
5.46E-05
3.46E-03
1.03E-04
1.76E-03
2.12E-04
1.18E-03
3.09E-04
7.73E-04
3.71E-04
5.06E-04
3.96E-04
3.48E-04
3.91E-04
2.78E-04
3.71E-04
2.71E-04
3.44E-04
3.00E-04
3.16E-04
3.34E-04
2.91E-04
3.41E-04
2.72E-04
3.07E-04
2.60E-04
2.39E-04
2.54E-04
1.61E-04
2.51E-04
1.01E-04
2.50E-04
7.59E-05
2.50E-04
8.69E-05
2.48E-04
1.22E-04
2.43E-04
1.67E-04
2.32E-04
2.07E-04
2.14E-04
2.33E-04
1.94E-04
2.40E-04
1.75E-04
2.34E-04
1.61E-04
2.24E-04
1.56E-04
2.07E-04
1.52E-04
1.80E-04
1.38E-04
1.52E-04
1.13E-04
1.28E-04
1.05E-04
9.78E-05
