3.20E-05
4.99E-05
4.87E-05
8.56E-05
8.57E-05
1.04E-04
1.15E-04
1.20E-04
1.28E-04
1.41E-04
1.33E-04
1.62E-04
1.34E-04
1.84E-04
1.37E-04
1.96E-04
1.44E-04
2.01E-04
1.54E-04
2.08E-04
1.62E-04
2.17E-04
1.70E-04
2.20E-04
1.77E-04
2.25E-04
1.84E-04
2.23E-04
1.88E-04
2.19E-04
1.90E-04
2.17E-04
1.87E-04
2.14E-04
1.81E-04
2.07E-04
1.73E-04
2.02E-04
1.66E-04
1.90E-04
1.61E-04
1.75E-04
1.52E-04
1.66E-04
1.40E-04
1.61E-04
1.28E-04
1.52E-04
1.19E-04
1.46E-04
1.13E-04
1.37E-04
1.09E-04
1.29E-04
1.05E-04
1.24E-04
1.02E-04
1.21E-04
1.02E-04
1.18E-04
1.05E-04
1.16E-04
1.06E-04
1.13E-04
1.05E-04
1.10E-04
1.01E-04
1.09E-04
9.74E-05
1.06E-04
9.13E-05
1.01E-04
8.21E-05
1.00E-04
7.13E-05
9.90E-05
6.41E-05
1.02E-04
6.36E-05
1.10E-04
7.15E-05
1.21E-04
8.86E-05
1.28E-04
1.10E-04
1.34E-04
1.33E-04
1.33E-04
1.52E-04
1.25E-04
1.62E-04
1.13E-04
1.63E-04
9.75E-05
1.56E-04
8.14E-05
1.47E-04
7.20E-05
1.38E-04
7.29E-05
1.35E-04
8.86E-05
1.42E-04
1.18E-04
1.58E-04
1.55E-04
1.78E-04
1.96E-04
1.92E-04
2.33E-04
1.96E-04
2.58E-04
2.00E-04
2.67E-04
2.15E-04
2.54E-04
2.41E-04
2.21E-04
2.63E-04
1.69E-04
2.68E-04
1.17E-04
2.52E-04
8.27E-05
2.33E-04
7.89E-05
2.26E-04
1.09E-04
2.33E-04
1.57E-04
2.50E-04
2.00E-04
2.75E-04
2.28E-04
2.98E-04
2.30E-04
3.24E-04
2.09E-04
3.49E-04
1.89E-04
3.65E-04
1.99E-04
3.64E-04
2.37E-04
3.52E-04
3.47E-04
3.02E-04
5.26E-04
2.25E-04
7.59E-04
1.40E-04
1.04E-03
6.12E-05
1.47E-03
1.08E-05
2.78E-03
1.11E-06
1.57E-02
1.23E-05
2.99E-03
5.84E-05
1.49E-03
1.40E-04
1.07E-03
2.26E-04
7.66E-04
3.15E-04
5.26E-04
3.74E-04
3.36E-04
3.89E-04
2.48E-04
3.50E-04
2.21E-04
2.83E-04
1.96E-04
2.40E-04
1.82E-04
2.80E-04
1.34E-04
