1.01E-04
8.92E-05
1.01E-04
1.25E-04
1.19E-04
1.41E-04
1.38E-04
1.49E-04
1.49E-04
1.47E-04
1.49E-04
1.33E-04
1.39E-04
1.21E-04
1.26E-04
1.10E-04
1.20E-04
9.69E-05
1.22E-04
9.12E-05
1.25E-04
9.73E-05
1.25E-04
1.12E-04
1.24E-04
1.38E-04
1.20E-04
1.61E-04
1.21E-04
1.73E-04
1.32E-04
1.73E-04
1.55E-04
1.59E-04
1.93E-04
1.28E-04
2.45E-04
9.65E-05
2.95E-04
7.57E-05
3.40E-04
7.10E-05
3.70E-04
9.92E-05
3.74E-04
1.75E-04
3.47E-04
2.67E-04
3.13E-04
4.08E-04
2.53E-04
5.65E-04
1.90E-04
6.98E-04
1.37E-04
8.59E-04
8.26E-05
1.27E-03
3.41E-05
2.76E-03
2.24E-05
1.49E-02
3.98E-05
2.92E-03
8.86E-05
1.31E-03
1.45E-04
9.35E-04
1.91E-04
7.11E-04
2.60E-04
5.05E-04
3.18E-04
3.02E-04
3.49E-04
2.27E-04
3.56E-04
2.39E-04
3.36E-04
2.53E-04
2.96E-04
2.33E-04
2.74E-04
1.86E-04
2.74E-04
1.15E-04
2.78E-04
7.14E-05
2.64E-04
7.05E-05
2.28E-04
9.84E-05
1.77E-04
1.28E-04
1.28E-04
1.43E-04
1.01E-04
1.39E-04
9.58E-05
1.22E-04
1.09E-04
1.08E-04
1.29E-04
1.04E-04
1.46E-04
1.11E-04
1.58E-04
1.30E-04
1.61E-04
1.53E-04
1.58E-04
1.74E-04
1.53E-04
1.93E-04
1.47E-04
2.04E-04
1.40E-04
2.06E-04
1.35E-04
2.07E-04
1.32E-04
2.01E-04
1.28E-04
1.94E-04
1.25E-04
1.87E-04
1.21E-04
1.78E-04
1.15E-04
1.65E-04
1.06E-04
1.56E-04
9.57E-05
1.44E-04
8.41E-05
1.30E-04
7.49E-05
1.17E-04
7.26E-05
1.06E-04
7.65E-05
9.76E-05
8.38E-05
9.49E-05
9.09E-05
9.53E-05
9.59E-05
9.91E-05
1.02E-04
1.03E-04
1.06E-04
1.05E-04
1.06E-04
1.07E-04
1.04E-04
1.13E-04
1.00E-04
1.15E-04
9.52E-05
1.20E-04
9.22E-05
1.26E-04
9.65E-05
1.32E-04
1.10E-04
1.36E-04
1.35E-04
1.46E-04
1.61E-04
1.55E-04
1.78E-04
1.66E-04
1.79E-04
1.71E-04
1.56E-04
1.60E-04
1.25E-04
1.27E-04
1.17E-04
6.87E-05
