2.35E-04
3.61E-05
2.37E-04
5.70E-05
2.82E-04
8.11E-05
3.31E-04
1.40E-04
3.50E-04
2.18E-04
3.26E-04
3.13E-04
2.81E-04
4.39E-04
2.27E-04
5.80E-04
1.71E-04
7.35E-04
1.14E-04
9.51E-04
5.52E-05
1.42E-03
7.06E-06
3.05E-03
3.45E-06
1.75E-02
6.78E-06
3.30E-03
5.07E-05
1.44E-03
1.11E-04
9.77E-04
1.69E-04
7.48E-04
2.28E-04
5.97E-04
2.80E-04
4.56E-04
3.21E-04
3.35E-04
3.50E-04
2.30E-04
3.61E-04
1.46E-04
3.50E-04
8.95E-05
3.22E-04
6.65E-05
2.81E-04
7.07E-05
2.36E-04
9.75E-05
1.95E-04
1.36E-04
1.63E-04
1.70E-04
1.39E-04
1.85E-04
1.21E-04
1.73E-04
1.11E-04
1.41E-04
1.12E-04
1.09E-04
1.31E-04
9.18E-05
1.63E-04
9.29E-05
1.86E-04
1.06E-04
1.89E-04
1.26E-04
1.78E-04
1.44E-04
1.69E-04
1.58E-04
1.67E-04
1.64E-04
1.66E-04
1.65E-04
1.54E-04
1.60E-04
1.30E-04
1.51E-04
1.02E-04
1.37E-04
7.83E-05
1.18E-04
6.88E-05
9.93E-05
7.91E-05
8.64E-05
1.02E-04
7.85E-05
1.26E-04
7.80E-05
1.42E-04
8.29E-05
1.46E-04
8.99E-05
1.42E-04
9.66E-05
1.37E-04
1.01E-04
1.31E-04
1.04E-04
1.24E-04
1.09E-04
1.17E-04
1.14E-04
1.10E-04
1.17E-04
1.05E-04
1.20E-04
1.01E-04
1.23E-04
9.93E-05
1.24E-04
9.76E-05
1.24E-04
9.63E-05
1.23E-04
9.54E-05
1.23E-04
9.55E-05
1.24E-04
9.64E-05
1.26E-04
9.72E-05
1.27E-04
9.80E-05
1.29E-04
1.01E-04
1.32E-04
1.08E-04
1.38E-04
1.22E-04
1.43E-04
1.41E-04
1.49E-04
1.58E-04
1.58E-04
1.72E-04
1.72E-04
1.83E-04
1.83E-04
1.94E-04
1.93E-04
2.02E-04
2.03E-04
2.07E-04
2.11E-04
2.06E-04
2.18E-04
2.01E-04
2.24E-04
1.94E-04
2.23E-04
1.86E-04
2.17E-04
1.74E-04
2.13E-04
1.62E-04
2.15E-04
1.55E-04
2.16E-04
1.56E-04
2.12E-04
1.59E-04
1.97E-04
1.55E-04
1.75E-04
1.38E-04
1.52E-04
1.03E-04
1.30E-04
6.13E-05
1.04E-04
4.30E-05
5.90E-05
