1.28E-04
1.08E-04
1.22E-04
1.53E-04
1.40E-04
1.66E-04
1.56E-04
1.67E-04
1.60E-04
1.69E-04
1.57E-04
1.72E-04
1.56E-04
1.72E-04
1.55E-04
1.70E-04
1.49E-04
1.73E-04
1.39E-04
1.75E-04
1.30E-04
1.69E-04
1.22E-04
1.57E-04
1.15E-04
1.46E-04
1.10E-04
1.35E-04
1.10E-04
1.23E-04
1.16E-04
1.10E-04
1.30E-04
9.74E-05
1.47E-04
8.87E-05
1.65E-04
8.96E-05
1.79E-04
1.04E-04
1.87E-04
1.30E-04
1.90E-04
1.62E-04
1.93E-04
1.93E-04
2.00E-04
2.14E-04
2.19E-04
2.19E-04
2.51E-04
2.08E-04
2.94E-04
1.89E-04
3.39E-04
1.75E-04
3.74E-04
1.84E-04
3.90E-04
2.32E-04
3.75E-04
3.37E-04
3.25E-04
5.08E-04
2.44E-04
7.63E-04
1.47E-04
1.11E-03
6.24E-05
1.62E-03
2.88E-05
3.06E-03
1.99E-05
1.78E-02
1.90E-05
3.38E-03
6.63E-05
1.71E-03
1.38E-04
1.11E-03
2.17E-04
7.37E-04
2.80E-04
5.73E-04
3.08E-04
5.36E-04
3.02E-04
5.31E-04
3.01E-04
4.64E-04
3.46E-04
3.41E-04
4.15E-04
2.00E-04
4.58E-04
1.01E-04
4.49E-04
7.03E-05
3.89E-04
8.91E-05
3.03E-04
1.22E-04
2.23E-04
1.43E-04
1.67E-04
1.44E-04
1.38E-04
1.34E-04
1.33E-04
1.27E-04
1.41E-04
1.31E-04
1.52E-04
1.44E-04
1.59E-04
1.64E-04
1.64E-04
1.83E-04
1.67E-04
1.98E-04
1.68E-04
2.09E-04
1.68E-04
2.16E-04
1.65E-04
2.19E-04
1.62E-04
2.20E-04
1.58E-04
2.18E-04
1.54E-04
2.14E-04
1.49E-04
2.10E-04
1.44E-04
2.05E-04
1.39E-04
1.98E-04
1.34E-04
1.87E-04
1.27E-04
1.72E-04
1.19E-04
1.58E-04
1.09E-04
1.45E-04
1.01E-04
1.30E-04
9.30E-05
1.17E-04
8.91E-05
1.06E-04
9.31E-05
9.69E-05
1.02E-04
9.49E-05
1.11E-04
1.01E-04
1.21E-04
1.09E-04
1.30E-04
1.14E-04
1.35E-04
1.13E-04
1.32E-04
1.07E-04
1.22E-04
1.06E-04
1.09E-04
1.12E-04
1.04E-04
1.23E-04
1.04E-04
1.29E-04
9.40E-05
1.28E-04
7.96E-05
1.11E-04
8.56E-05
6.83E-05
