7.67E-05
4.89E-05
9.03E-05
9.62E-05
1.23E-04
1.29E-04
1.45E-04
1.50E-04
1.42E-04
1.62E-04
1.29E-04
1.61E-04
1.19E-04
1.51E-04
1.18E-04
1.41E-04
1.19E-04
1.38E-04
1.18E-04
1.38E-04
1.17E-04
1.34E-04
1.21E-04
1.24E-04
1.26E-04
1.15E-04
1.24E-04
1.12E-04
1.15E-04
1.16E-04
1.09E-04
1.19E-04
1.09E-04
1.24E-04
1.11E-04
1.33E-04
1.14E-04
1.44E-04
1.17E-04
1.53E-04
1.21E-04
1.60E-04
1.25E-04
1.65E-04
1.29E-04
1.69E-04
1.33E-04
1.73E-04
1.37E-04
1.74E-04
1.41E-04
1.72E-04
1.43E-04
1.70E-04
1.43E-04
1.69E-04
1.44E-04
1.69E-04
1.44E-04
1.67E-04
1.44E-04
1.62E-04
1.41E-04
1.54E-04
1.36E-04
1.45E-04
1.29E-04
1.35E-04
1.24E-04
1.27E-04
1.23E-04
1.24E-04
1.29E-04
1.27E-04
1.47E-04
1.34E-04
1.85E-04
1.40E-04
2.46E-04
1.38E-04
3.29E-04
1.23E-04
4.23E-04
9.80E-05
5.15E-04
7.92E-05
5.82E-04
9.26E-05
6.04E-04
1.73E-04
5.55E-04
3.28E-04
4.68E-04
5.30E-04
3.88E-04
7.23E-04
3.35E-04
8.48E-04
2.92E-04
9.11E-04
2.31E-04
1.03E-03
1.49E-04
1.36E-03
7.61E-05
2.14E-03
1.01E-05
4.52E-03
8.31E-06
1.90E-02
2.18E-05
4.67E-03
1.15E-04
2.05E-03
1.97E-04
1.26E-03
2.66E-04
8.74E-04
3.19E-04
6.83E-04
3.49E-04
5.89E-04
3.64E-04
5.31E-04
3.76E-04
4.68E-04
3.90E-04
3.93E-04
4.05E-04
3.09E-04
4.13E-04
2.26E-04
4.07E-04
1.52E-04
3.85E-04
9.64E-05
3.50E-04
6.49E-05
3.15E-04
6.02E-05
2.87E-04
8.09E-05
2.69E-04
1.20E-04
2.58E-04
1.67E-04
2.48E-04
2.10E-04
2.35E-04
2.42E-04
2.17E-04
2.58E-04
1.98E-04
2.59E-04
1.82E-04
2.50E-04
1.68E-04
2.34E-04
1.58E-04
2.14E-04
1.52E-04
1.91E-04
1.52E-04
1.69E-04
1.53E-04
1.51E-04
1.52E-04
1.33E-04
1.43E-04
1.13E-04
1.23E-04
9.87E-05
9.83E-05
8.91E-05
8.00E-05
7.89E-05
7.11E-05
6.39E-05
7.23E-05
4.66E-05
