7.73E-05
7.61E-05
8.31E-05
9.25E-05
1.11E-04
8.65E-05
1.34E-04
8.53E-05
1.44E-04
1.02E-04
1.44E-04
1.34E-04
1.44E-04
1.70E-04
1.48E-04
1.91E-04
1.57E-04
1.87E-04
1.73E-04
1.64E-04
1.99E-04
1.30E-04
2.36E-04
9.44E-05
2.78E-04
6.93E-05
3.17E-04
6.32E-05
3.45E-04
8.16E-05
3.58E-04
1.31E-04
3.51E-04
2.15E-04
3.21E-04
3.15E-04
2.82E-04
4.42E-04
2.28E-04
5.82E-04
1.70E-04
7.29E-04
1.15E-04
9.31E-04
6.08E-05
1.38E-03
1.65E-05
2.98E-03
1.83E-05
1.70E-02
3.04E-05
3.20E-03
8.17E-05
1.39E-03
1.47E-04
9.64E-04
2.03E-04
7.58E-04
2.65E-04
6.04E-04
3.18E-04
4.29E-04
3.57E-04
2.75E-04
3.77E-04
1.60E-04
3.72E-04
1.09E-04
3.40E-04
1.26E-04
2.93E-04
1.80E-04
2.43E-04
2.12E-04
2.08E-04
1.99E-04
2.01E-04
1.49E-04
2.12E-04
9.89E-05
2.18E-04
7.50E-05
2.03E-04
8.60E-05
1.70E-04
1.17E-04
1.31E-04
1.47E-04
9.93E-05
1.62E-04
8.18E-05
1.59E-04
7.89E-05
1.40E-04
8.72E-05
1.16E-04
1.01E-04
9.70E-05
1.16E-04
9.06E-05
1.32E-04
9.76E-05
1.46E-04
1.12E-04
1.55E-04
1.30E-04
1.59E-04
1.52E-04
1.57E-04
1.71E-04
1.51E-04
1.81E-04
1.41E-04
1.83E-04
1.30E-04
1.78E-04
1.17E-04
1.66E-04
1.03E-04
1.52E-04
9.01E-05
1.36E-04
7.93E-05
1.20E-04
7.25E-05
1.07E-04
7.15E-05
9.67E-05
7.49E-05
9.07E-05
8.02E-05
9.15E-05
8.62E-05
9.62E-05
9.18E-05
1.03E-04
9.67E-05
1.08E-04
1.00E-04
1.12E-04
9.98E-05
1.15E-04
9.85E-05
1.21E-04
1.01E-04
1.22E-04
1.06E-04
1.23E-04
1.08E-04
1.28E-04
1.11E-04
1.32E-04
1.13E-04
1.34E-04
1.15E-04
1.40E-04
1.20E-04
1.47E-04
1.29E-04
1.57E-04
1.41E-04
1.72E-04
1.57E-04
1.90E-04
1.79E-04
2.08E-04
2.11E-04
2.30E-04
2.50E-04
2.41E-04
2.81E-04
2.36E-04
2.74E-04
2.20E-04
2.16E-04
2.00E-04
1.43E-04
1.62E-04
1.10E-04
8.45E-05
