3.39E-05
4.93E-05
5.16E-05
8.46E-05
9.03E-05
1.02E-04
1.21E-04
1.18E-04
1.34E-04
1.38E-04
1.39E-04
1.59E-04
1.41E-04
1.78E-04
1.43E-04
1.91E-04
1.50E-04
1.98E-04
1.60E-04
2.04E-04
1.69E-04
2.12E-04
1.77E-04
2.18E-04
1.85E-04
2.21E-04
1.93E-04
2.21E-04
1.98E-04
2.20E-04
2.01E-04
2.18E-04
1.99E-04
2.15E-04
1.93E-04
2.11E-04
1.85E-04
2.04E-04
1.78E-04
1.93E-04
1.73E-04
1.80E-04
1.64E-04
1.70E-04
1.51E-04
1.63E-04
1.39E-04
1.56E-04
1.29E-04
1.48E-04
1.22E-04
1.40E-04
1.17E-04
1.33E-04
1.13E-04
1.27E-04
1.10E-04
1.24E-04
1.10E-04
1.21E-04
1.13E-04
1.18E-04
1.14E-04
1.15E-04
1.13E-04
1.13E-04
1.10E-04
1.11E-04
1.05E-04
1.08E-04
9.92E-05
1.04E-04
8.93E-05
1.01E-04
7.74E-05
1.00E-04
6.86E-05
1.04E-04
6.69E-05
1.11E-04
7.45E-05
1.22E-04
9.14E-05
1.31E-04
1.15E-04
1.37E-04
1.39E-04
1.37E-04
1.60E-04
1.30E-04
1.73E-04
1.18E-04
1.75E-04
1.02E-04
1.69E-04
8.49E-05
1.57E-04
7.36E-05
1.46E-04
7.31E-05
1.42E-04
8.72E-05
1.47E-04
1.16E-04
1.61E-04
1.55E-04
1.82E-04
1.97E-04
1.97E-04
2.34E-04
2.02E-04
2.62E-04
2.06E-04
2.73E-04
2.22E-04
2.62E-04
2.50E-04
2.28E-04
2.75E-04
1.77E-04
2.81E-04
1.22E-04
2.66E-04
8.51E-05
2.45E-04
8.04E-05
2.36E-04
1.10E-04
2.44E-04
1.59E-04
2.63E-04
2.07E-04
2.86E-04
2.37E-04
3.12E-04
2.40E-04
3.39E-04
2.25E-04
3.62E-04
2.07E-04
3.76E-04
2.11E-04
3.75E-04
2.59E-04
3.51E-04
3.70E-04
2.98E-04
5.56E-04
2.16E-04
8.24E-04
1.23E-04
1.16E-03
4.72E-05
1.60E-03
5.96E-06
2.97E-03
9.67E-07
1.79E-02
7.03E-06
3.23E-03
4.77E-05
1.61E-03
1.26E-04
1.17E-03
2.23E-04
8.20E-04
3.15E-04
5.43E-04
3.81E-04
3.57E-04
4.03E-04
2.63E-04
3.64E-04
2.29E-04
2.90E-04
2.04E-04
2.46E-04
1.91E-04
2.85E-04
1.38E-04
