4.01E-05
6.05E-05
6.02E-05
1.03E-04
1.05E-04
1.24E-04
1.44E-04
1.41E-04
1.62E-04
1.63E-04
1.65E-04
1.87E-04
1.62E-04
2.07E-04
1.61E-04
2.16E-04
1.67E-04
2.16E-04
1.75E-04
2.17E-04
1.83E-04
2.17E-04
1.91E-04
2.14E-04
1.96E-04
2.11E-04
1.97E-04
2.07E-04
1.93E-04
2.00E-04
1.87E-04
1.93E-04
1.78E-04
1.87E-04
1.69E-04
1.79E-04
1.63E-04
1.69E-04
1.58E-04
1.57E-04
1.50E-04
1.50E-04
1.38E-04
1.48E-04
1.27E-04
1.44E-04
1.20E-04
1.37E-04
1.16E-04
1.32E-04
1.14E-04
1.27E-04
1.12E-04
1.23E-04
1.10E-04
1.20E-04
1.10E-04
1.17E-04
1.11E-04
1.11E-04
1.11E-04
1.06E-04
1.06E-04
1.00E-04
9.78E-05
9.59E-05
8.81E-05
9.36E-05
7.71E-05
9.39E-05
6.61E-05
9.76E-05
5.91E-05
1.07E-04
6.03E-05
1.19E-04
7.11E-05
1.36E-04
8.97E-05
1.52E-04
1.14E-04
1.62E-04
1.39E-04
1.65E-04
1.62E-04
1.60E-04
1.78E-04
1.46E-04
1.86E-04
1.27E-04
1.84E-04
1.08E-04
1.74E-04
9.23E-05
1.61E-04
8.05E-05
1.50E-04
7.98E-05
1.41E-04
9.44E-05
1.36E-04
1.25E-04
1.37E-04
1.67E-04
1.44E-04
2.09E-04
1.57E-04
2.42E-04
1.76E-04
2.56E-04
2.02E-04
2.40E-04
2.36E-04
1.98E-04
2.66E-04
1.41E-04
2.77E-04
9.10E-05
2.65E-04
7.18E-05
2.46E-04
1.02E-04
2.38E-04
1.70E-04
2.54E-04
2.41E-04
2.84E-04
2.80E-04
3.17E-04
2.72E-04
3.43E-04
2.31E-04
3.63E-04
1.97E-04
3.71E-04
1.99E-04
3.67E-04
2.50E-04
3.45E-04
3.63E-04
2.94E-04
5.53E-04
2.12E-04
8.02E-04
1.25E-04
1.12E-03
4.79E-05
1.55E-03
8.00E-06
3.12E-03
1.00E-06
1.71E-02
4.54E-06
2.89E-03
4.65E-05
1.54E-03
1.20E-04
1.11E-03
2.09E-04
8.02E-04
2.90E-04
5.45E-04
3.48E-04
3.55E-04
3.78E-04
2.42E-04
3.92E-04
2.09E-04
3.85E-04
2.23E-04
3.48E-04
2.58E-04
2.88E-04
2.64E-04
2.34E-04
2.22E-04
2.11E-04
1.73E-04
2.39E-04
1.06E-04
