1.22E-04
1.05E-04
1.17E-04
1.51E-04
1.32E-04
1.64E-04
1.43E-04
1.64E-04
1.41E-04
1.60E-04
1.33E-04
1.54E-04
1.27E-04
1.49E-04
1.26E-04
1.44E-04
1.30E-04
1.43E-04
1.33E-04
1.51E-04
1.33E-04
1.60E-04
1.33E-04
1.61E-04
1.32E-04
1.61E-04
1.30E-04
1.61E-04
1.27E-04
1.59E-04
1.24E-04
1.58E-04
1.20E-04
1.56E-04
1.18E-04
1.44E-04
1.21E-04
1.30E-04
1.28E-04
1.13E-04
1.41E-04
9.40E-05
1.59E-04
8.06E-05
1.78E-04
7.53E-05
1.97E-04
7.95E-05
2.15E-04
9.89E-05
2.26E-04
1.24E-04
2.36E-04
1.52E-04
2.45E-04
1.81E-04
2.52E-04
2.13E-04
2.59E-04
2.27E-04
2.77E-04
2.53E-04
2.91E-04
2.80E-04
3.08E-04
2.97E-04
3.23E-04
3.46E-04
3.23E-04
4.73E-04
2.88E-04
6.38E-04
2.39E-04
9.64E-04
1.34E-04
1.57E-03
6.59E-05
3.23E-03
1.97E-05
1.45E-02
2.18E-05
3.23E-03
8.63E-05
1.68E-03
1.62E-04
9.77E-04
2.25E-04
7.33E-04
2.62E-04
6.73E-04
2.86E-04
6.52E-04
3.14E-04
6.02E-04
3.77E-04
5.01E-04
4.48E-04
3.17E-04
5.01E-04
1.70E-04
5.16E-04
8.91E-05
4.82E-04
7.12E-05
3.97E-04
8.92E-05
2.97E-04
1.15E-04
2.16E-04
1.29E-04
1.62E-04
1.32E-04
1.33E-04
1.31E-04
1.22E-04
1.32E-04
1.19E-04
1.35E-04
1.25E-04
1.43E-04
1.32E-04
1.51E-04
1.40E-04
1.62E-04
1.47E-04
1.74E-04
1.52E-04
1.82E-04
1.52E-04
1.87E-04
1.51E-04
1.94E-04
1.46E-04
1.95E-04
1.41E-04
1.96E-04
1.36E-04
1.97E-04
1.32E-04
1.94E-04
1.28E-04
1.87E-04
1.24E-04
1.83E-04
1.20E-04
1.75E-04
1.16E-04
1.68E-04
1.11E-04
1.61E-04
1.03E-04
1.51E-04
9.38E-05
1.36E-04
9.03E-05
1.21E-04
9.36E-05
1.10E-04
1.02E-04
1.07E-04
1.16E-04
1.10E-04
1.34E-04
1.13E-04
1.45E-04
1.12E-04
1.45E-04
1.19E-04
1.34E-04
1.23E-04
1.21E-04
1.29E-04
1.09E-04
1.36E-04
8.95E-05
1.37E-04
6.64E-05
1.22E-04
6.48E-05
7.66E-05
