2.60E-05
4.14E-05
3.97E-05
7.07E-05
7.11E-05
8.65E-05
9.54E-05
1.01E-04
1.05E-04
1.19E-04
1.12E-04
1.35E-04
1.19E-04
1.51E-04
1.25E-04
1.66E-04
1.31E-04
1.78E-04
1.41E-04
1.86E-04
1.52E-04
1.95E-04
1.63E-04
2.04E-04
1.73E-04
2.12E-04
1.83E-04
2.19E-04
1.93E-04
2.25E-04
2.02E-04
2.29E-04
2.08E-04
2.32E-04
2.11E-04
2.35E-04
2.10E-04
2.36E-04
2.08E-04
2.33E-04
2.06E-04
2.25E-04
2.02E-04
2.14E-04
1.94E-04
2.06E-04
1.83E-04
1.99E-04
1.70E-04
1.91E-04
1.59E-04
1.81E-04
1.49E-04
1.71E-04
1.40E-04
1.60E-04
1.32E-04
1.51E-04
1.24E-04
1.43E-04
1.21E-04
1.36E-04
1.21E-04
1.28E-04
1.22E-04
1.23E-04
1.22E-04
1.19E-04
1.23E-04
1.16E-04
1.23E-04
1.14E-04
1.19E-04
1.13E-04
1.10E-04
1.13E-04
9.63E-05
1.15E-04
8.35E-05
1.16E-04
7.42E-05
1.18E-04
6.94E-05
1.21E-04
7.04E-05
1.25E-04
7.88E-05
1.27E-04
9.48E-05
1.28E-04
1.16E-04
1.25E-04
1.37E-04
1.17E-04
1.53E-04
1.05E-04
1.59E-04
9.20E-05
1.55E-04
8.29E-05
1.49E-04
8.25E-05
1.49E-04
9.31E-05
1.61E-04
1.14E-04
1.85E-04
1.41E-04
2.10E-04
1.69E-04
2.20E-04
1.99E-04
2.10E-04
2.28E-04
1.91E-04
2.49E-04
1.79E-04
2.59E-04
1.87E-04
2.54E-04
2.10E-04
2.33E-04
2.32E-04
1.97E-04
2.40E-04
1.54E-04
2.33E-04
1.14E-04
2.22E-04
8.78E-05
2.19E-04
8.32E-05
2.24E-04
1.04E-04
2.34E-04
1.45E-04
2.51E-04
1.95E-04
2.76E-04
2.34E-04
3.09E-04
2.49E-04
3.44E-04
2.37E-04
3.73E-04
2.14E-04
3.91E-04
2.10E-04
3.91E-04
2.53E-04
3.65E-04
3.63E-04
3.08E-04
5.55E-04
2.20E-04
8.27E-04
1.23E-04
1.17E-03
4.64E-05
1.60E-03
1.12E-05
3.22E-03
7.22E-06
1.79E-02
1.24E-05
2.97E-03
5.19E-05
1.62E-03
1.31E-04
1.16E-03
2.29E-04
8.05E-04
2.78E-04
5.53E-04
2.56E-04
3.85E-04
2.60E-04
2.38E-04
3.82E-04
1.45E-04
