2.04E-04
1.48E-02
1.36E-04
2.65E-03
2.52E-05
1.03E-03
5.46E-05
6.57E-04
9.54E-05
5.00E-04
1.39E-04
4.07E-04
1.79E-04
3.08E-04
2.10E-04
2.29E-04
2.34E-04
1.60E-04
2.47E-04
1.03E-04
2.41E-04
6.23E-05
2.25E-04
4.26E-05
2.01E-04
3.48E-05
1.72E-04
3.93E-05
1.45E-04
5.35E-05
1.23E-04
7.30E-05
1.07E-04
9.17E-05
9.71E-05
1.04E-04
9.21E-05
1.04E-04
8.81E-05
9.17E-05
8.27E-05
7.50E-05
7.56E-05
6.23E-05
6.75E-05
5.87E-05
6.16E-05
6.60E-05
6.08E-05
7.52E-05
6.51E-05
8.26E-05
7.37E-05
8.78E-05
8.41E-05
9.13E-05
9.16E-05
9.18E-05
9.25E-05
9.07E-05
8.68E-05
9.02E-05
7.99E-05
9.45E-05
7.92E-05
1.01E-04
8.62E-05
1.05E-04
9.52E-05
1.05E-04
1.03E-04
1.06E-04
1.10E-04
1.07E-04
1.19E-04
1.08E-04
1.24E-04
1.07E-04
1.21E-04
1.05E-04
1.09E-04
9.97E-05
8.84E-05
9.07E-05
6.88E-05
7.92E-05
5.50E-05
6.55E-05
5.09E-05
5.33E-05
5.56E-05
4.66E-05
6.31E-05
4.38E-05
6.91E-05
4.54E-05
7.06E-05
4.92E-05
6.78E-05
5.21E-05
6.20E-05
5.40E-05
5.55E-05
5.47E-05
4.83E-05
5.34E-05
3.98E-05
5.21E-05
3.26E-05
5.01E-05
2.79E-05
4.68E-05
2.58E-05
4.38E-05
2.61E-05
4.23E-05
2.81E-05
4.11E-05
3.16E-05
4.16E-05
3.60E-05
4.32E-05
4.06E-05
4.56E-05
4.48E-05
4.96E-05
4.84E-05
5.41E-05
5.11E-05
5.74E-05
5.33E-05
6.11E-05
5.47E-05
6.34E-05
5.54E-05
6.52E-05
5.57E-05
6.73E-05
5.61E-05
6.83E-05
5.62E-05
6.78E-05
5.57E-05
6.79E-05
5.45E-05
6.65E-05
5.22E-05
6.48E-05
4.92E-05
6.34E-05
4.63E-05
6.12E-05
4.37E-05
5.74E-05
4.10E-05
5.39E-05
3.78E-05
4.99E-05
3.36E-05
4.70E-05
2.96E-05
4.51E-05
2.73E-05
4.21E-05
2.54E-05
3.77E-05
2.28E-05
3.46E-05
2.07E-05
3.16E-05
2.03E-05
2.75E-05
1.93E-05
2.29E-05
1.53E-05
1.89E-05
9.87E-06
1.49E-05
7.50E-06
9.21E-06
