9.45E-05
1.02E-04
8.15E-05
1.51E-04
1.01E-04
1.57E-04
1.40E-04
1.39E-04
1.87E-04
1.13E-04
2.39E-04
8.05E-05
2.90E-04
6.01E-05
3.25E-04
6.30E-05
3.47E-04
8.84E-05
3.55E-04
1.42E-04
3.44E-04
2.29E-04
3.13E-04
3.11E-04
2.83E-04
4.26E-04
2.34E-04
5.49E-04
1.81E-04
6.56E-04
1.32E-04
8.22E-04
7.53E-05
1.28E-03
2.09E-05
2.84E-03
4.84E-06
1.50E-02
2.04E-05
3.02E-03
6.93E-05
1.29E-03
1.30E-04
8.52E-04
1.72E-04
6.68E-04
2.30E-04
5.63E-04
2.80E-04
4.18E-04
3.19E-04
3.04E-04
3.49E-04
2.06E-04
3.60E-04
1.23E-04
3.39E-04
7.20E-05
3.09E-04
6.92E-05
2.69E-04
9.65E-05
2.23E-04
1.45E-04
1.78E-04
1.85E-04
1.43E-04
1.88E-04
1.25E-04
1.54E-04
1.36E-04
1.15E-04
1.63E-04
8.70E-05
1.83E-04
8.41E-05
1.81E-04
1.03E-04
1.64E-04
1.30E-04
1.44E-04
1.55E-04
1.29E-04
1.73E-04
1.15E-04
1.75E-04
9.87E-05
1.61E-04
8.29E-05
1.35E-04
7.56E-05
1.05E-04
7.80E-05
8.21E-05
9.10E-05
7.42E-05
1.10E-04
7.92E-05
1.30E-04
9.26E-05
1.48E-04
1.12E-04
1.59E-04
1.27E-04
1.58E-04
1.34E-04
1.46E-04
1.41E-04
1.27E-04
1.41E-04
1.04E-04
1.34E-04
8.45E-05
1.24E-04
7.26E-05
1.14E-04
6.89E-05
1.03E-04
7.16E-05
9.79E-05
7.90E-05
9.62E-05
8.68E-05
9.78E-05
9.27E-05
1.04E-04
9.67E-05
1.10E-04
9.76E-05
1.14E-04
9.60E-05
1.21E-04
9.37E-05
1.23E-04
9.12E-05
1.21E-04
8.93E-05
1.22E-04
9.10E-05
1.26E-04
9.80E-05
1.26E-04
1.09E-04
1.32E-04
1.18E-04
1.38E-04
1.26E-04
1.47E-04
1.34E-04
1.58E-04
1.43E-04
1.68E-04
1.52E-04
1.76E-04
1.62E-04
1.92E-04
1.70E-04
2.01E-04
1.77E-04
2.09E-04
1.80E-04
2.23E-04
1.83E-04
2.36E-04
1.87E-04
2.50E-04
2.02E-04
2.71E-04
2.24E-04
2.64E-04
2.39E-04
2.39E-04
2.18E-04
2.14E-04
1.60E-04
1.91E-04
9.80E-05
1.53E-04
7.04E-05
8.31E-05
