8.51E-05
9.05E-05
8.15E-05
1.19E-04
1.00E-04
1.22E-04
1.21E-04
1.12E-04
1.35E-04
9.75E-05
1.42E-04
8.33E-05
1.47E-04
8.65E-05
1.50E-04
1.03E-04
1.49E-04
1.28E-04
1.40E-04
1.58E-04
1.28E-04
1.78E-04
1.26E-04
1.76E-04
1.41E-04
1.60E-04
1.70E-04
1.30E-04
2.13E-04
9.48E-05
2.61E-04
6.82E-05
3.05E-04
6.20E-05
3.36E-04
7.37E-05
3.58E-04
1.23E-04
3.50E-04
2.03E-04
3.22E-04
2.99E-04
2.83E-04
4.19E-04
2.34E-04
5.78E-04
1.76E-04
6.92E-04
1.36E-04
8.73E-04
8.29E-05
1.28E-03
3.97E-05
2.97E-03
2.93E-05
1.49E-02
4.83E-05
2.79E-03
1.03E-04
1.27E-03
1.59E-04
8.59E-04
2.06E-04
7.02E-04
2.61E-04
5.50E-04
3.16E-04
3.62E-04
3.44E-04
2.06E-04
3.63E-04
1.48E-04
3.49E-04
1.48E-04
3.12E-04
1.90E-04
2.71E-04
2.11E-04
2.44E-04
1.81E-04
2.32E-04
1.23E-04
2.36E-04
8.23E-05
2.31E-04
7.19E-05
2.04E-04
9.04E-05
1.61E-04
1.21E-04
1.21E-04
1.43E-04
9.36E-05
1.46E-04
8.28E-05
1.35E-04
8.91E-05
1.17E-04
1.04E-04
1.03E-04
1.23E-04
1.00E-04
1.39E-04
1.06E-04
1.50E-04
1.17E-04
1.55E-04
1.38E-04
1.53E-04
1.58E-04
1.47E-04
1.75E-04
1.40E-04
1.88E-04
1.33E-04
1.93E-04
1.26E-04
1.89E-04
1.19E-04
1.84E-04
1.13E-04
1.74E-04
1.06E-04
1.62E-04
9.69E-05
1.50E-04
8.82E-05
1.37E-04
8.01E-05
1.22E-04
7.26E-05
1.09E-04
6.87E-05
9.88E-05
6.86E-05
9.25E-05
7.29E-05
9.24E-05
8.11E-05
9.54E-05
8.94E-05
9.65E-05
9.39E-05
1.04E-04
9.61E-05
1.10E-04
9.88E-05
1.11E-04
1.01E-04
1.14E-04
1.01E-04
1.18E-04
9.95E-05
1.18E-04
9.82E-05
1.20E-04
9.65E-05
1.22E-04
9.65E-05
1.29E-04
1.01E-04
1.41E-04
1.13E-04
1.54E-04
1.33E-04
1.65E-04
1.64E-04
1.82E-04
1.98E-04
1.92E-04
2.23E-04
1.99E-04
2.24E-04
1.97E-04
1.88E-04
1.82E-04
1.37E-04
1.46E-04
1.16E-04
7.65E-05
