1.25E-04
1.08E-04
1.19E-04
1.51E-04
1.36E-04
1.64E-04
1.52E-04
1.65E-04
1.56E-04
1.67E-04
1.54E-04
1.69E-04
1.52E-04
1.70E-04
1.51E-04
1.69E-04
1.45E-04
1.71E-04
1.35E-04
1.72E-04
1.25E-04
1.66E-04
1.18E-04
1.54E-04
1.12E-04
1.43E-04
1.07E-04
1.32E-04
1.07E-04
1.20E-04
1.13E-04
1.07E-04
1.26E-04
9.55E-05
1.43E-04
8.65E-05
1.61E-04
8.86E-05
1.73E-04
1.03E-04
1.81E-04
1.28E-04
1.84E-04
1.59E-04
1.86E-04
1.90E-04
1.94E-04
2.07E-04
2.13E-04
2.12E-04
2.44E-04
2.02E-04
2.87E-04
1.79E-04
3.32E-04
1.64E-04
3.68E-04
1.77E-04
3.83E-04
2.20E-04
3.76E-04
3.23E-04
3.28E-04
4.91E-04
2.50E-04
7.24E-04
1.58E-04
1.03E-03
7.18E-05
1.53E-03
3.08E-05
2.93E-03
1.94E-05
1.65E-02
2.15E-05
3.22E-03
7.20E-05
1.63E-03
1.45E-04
1.05E-03
2.17E-04
7.01E-04
2.79E-04
5.57E-04
3.04E-04
5.13E-04
2.95E-04
5.16E-04
2.94E-04
4.61E-04
3.40E-04
3.40E-04
4.04E-04
2.00E-04
4.48E-04
1.03E-04
4.40E-04
6.92E-05
3.82E-04
8.61E-05
2.99E-04
1.19E-04
2.22E-04
1.40E-04
1.65E-04
1.42E-04
1.36E-04
1.32E-04
1.30E-04
1.25E-04
1.37E-04
1.28E-04
1.47E-04
1.41E-04
1.54E-04
1.60E-04
1.58E-04
1.78E-04
1.61E-04
1.94E-04
1.62E-04
2.04E-04
1.62E-04
2.11E-04
1.59E-04
2.16E-04
1.56E-04
2.17E-04
1.52E-04
2.14E-04
1.49E-04
2.12E-04
1.44E-04
2.08E-04
1.40E-04
2.03E-04
1.35E-04
1.97E-04
1.30E-04
1.86E-04
1.24E-04
1.72E-04
1.16E-04
1.58E-04
1.07E-04
1.45E-04
9.87E-05
1.31E-04
9.09E-05
1.18E-04
8.68E-05
1.07E-04
8.99E-05
9.69E-05
9.78E-05
9.48E-05
1.07E-04
1.01E-04
1.17E-04
1.08E-04
1.26E-04
1.14E-04
1.31E-04
1.13E-04
1.28E-04
1.06E-04
1.18E-04
1.05E-04
1.05E-04
1.11E-04
9.95E-05
1.21E-04
9.87E-05
1.27E-04
9.01E-05
1.27E-04
7.65E-05
1.10E-04
8.24E-05
6.87E-05
