3.63E-04
1.03E-04
2.71E-04
1.83E-04
2.59E-04
3.16E-04
2.69E-04
4.51E-04
2.37E-04
5.82E-04
1.69E-04
7.48E-04
1.03E-04
9.92E-04
4.72E-05
1.46E-03
8.23E-06
3.37E-03
6.93E-06
1.84E-02
9.12E-06
3.12E-03
5.26E-05
1.47E-03
1.10E-04
9.94E-04
1.70E-04
7.58E-04
2.29E-04
5.93E-04
2.84E-04
4.59E-04
3.29E-04
3.39E-04
3.60E-04
2.36E-04
3.72E-04
1.53E-04
3.64E-04
9.58E-05
3.37E-04
6.70E-05
2.96E-04
6.69E-05
2.48E-04
9.15E-05
2.02E-04
1.31E-04
1.66E-04
1.70E-04
1.43E-04
1.92E-04
1.33E-04
1.88E-04
1.30E-04
1.63E-04
1.28E-04
1.29E-04
1.29E-04
1.04E-04
1.40E-04
9.52E-05
1.63E-04
1.02E-04
1.86E-04
1.16E-04
1.92E-04
1.33E-04
1.79E-04
1.52E-04
1.65E-04
1.68E-04
1.66E-04
1.75E-04
1.80E-04
1.72E-04
1.93E-04
1.64E-04
1.91E-04
1.55E-04
1.73E-04
1.46E-04
1.42E-04
1.36E-04
1.09E-04
1.24E-04
8.52E-05
1.09E-04
7.98E-05
9.13E-05
9.20E-05
7.61E-05
1.11E-04
6.74E-05
1.28E-04
6.81E-05
1.37E-04
7.69E-05
1.41E-04
8.98E-05
1.44E-04
1.03E-04
1.46E-04
1.14E-04
1.45E-04
1.24E-04
1.37E-04
1.33E-04
1.26E-04
1.38E-04
1.15E-04
1.38E-04
1.07E-04
1.36E-04
1.03E-04
1.34E-04
1.01E-04
1.30E-04
1.00E-04
1.27E-04
9.95E-05
1.24E-04
1.00E-04
1.23E-04
1.03E-04
1.25E-04
1.07E-04
1.27E-04
1.13E-04
1.30E-04
1.19E-04
1.35E-04
1.28E-04
1.43E-04
1.42E-04
1.50E-04
1.59E-04
1.57E-04
1.73E-04
1.68E-04
1.82E-04
1.80E-04
1.89E-04
1.92E-04
1.95E-04
2.01E-04
1.99E-04
2.08E-04
1.99E-04
2.12E-04
1.95E-04
2.15E-04
1.87E-04
2.15E-04
1.77E-04
2.11E-04
1.66E-04
2.04E-04
1.55E-04
1.96E-04
1.43E-04
1.90E-04
1.33E-04
1.86E-04
1.28E-04
1.80E-04
1.26E-04
1.71E-04
1.23E-04
1.59E-04
1.19E-04
1.41E-04
1.09E-04
1.20E-04
8.16E-05
1.01E-04
4.74E-05
8.13E-05
3.27E-05
4.61E-05
